me as powerfull

Default Boy|2/22|20|Hey! I'm the default boy of Gacha Club.|Lunime|Blue|Rice|USA|Funny|Student|2|1|1|4|1|1|608|0|1|0|1|1|198|137|0|0|0|14|14|1|1|48|48|3|0|0|0|0|0|0|0|0|0|132|4|69|69|7|7|3|3|113|113|0|32|16|16|0|0|0|0|0|0|0|0|0|0|0|0|1|1|0|1|1|1|0|0|1|1|1|1|1|28|3|1|1|1|1|1|1|0|0|0|6|0|0|1|0|1|1|1|1|0|0|0|0|0|0|0|1|1|0|0|0|1|1|0|0|0|1|1|0|0|0|1|1|0|0|0|1|1|0|0|0|1|1|0|0|0|1|1|0|0|0|1|1|0|0|0|1|1|0|0|0|1|1|0|0|0|1|1|0|0|0|1|1|0|0|0|1|1|0|0|0|1|1|0|0|0|1|1|0|0|0|1|1|0|1|1|0|1|1|0|0|0|1|1|0|0|0|1|1|0|1|1|1|1|1|1|0|0|1|1|1|1|0|1|1|0|0|1|1|0|1|1|1|1|1|1|1|1|1|1|1|1|1|1|1|1|1|1|0|0|1|1|0|1|0|0|0|1|1|0|0|1|1|0|0|0|0|0|0|0|0|0|0|1|1|1|0|0|0|0|0|0|0|0|0|0|FFE2D4|8A624F|191919|191919|020202|191919|191919|020202|8A6E5E|3A1F17|694F43|8A6E5E|3A1F17|694F43|8A6E5E|3A1F17|694F43|B15482|191919|020202|FFFFFF|020202|020202|FFFFFF|020202|FF760B|D94A05|FF760B|D94A05|8A624F|020202|8A624F|020202|191919|020202|ECECEC|4638FF|020202|BBD4FF|8589FF|020202|FF93BC|7F7EA6|020202|8AAEFF|FF8383|8589FF|FFC2C2|020202|FF8383|020202|FFFFFF|FFFFFF|020202|8AAEFF|DEECFF|020202|3A82FF|EBE0FF|020202|8AAEFF|0256C9|020202|8AAEFF|E0E1FF|020202|8ACEFF|191919|191919|FF760B|191919|020202|D94A05|AAA7CB|020202|EEE9FF|AAA7CB|020202|EEE9FF|191919|020202|FF9441|191919|020202|FF9441|191919|020202|020202|191919|020202|020202|191919|020202|B4BFCD|191919|020202|B8B8B8|191919|020202|D94A05|191919|020202|D94A05|191919|020202|FFFFFF|191919|020202|FFFFFF|FFFFFF|020202|3A82FF|FFFFFF|020202|3A82FF|4638FF|020202|BCBBFF|8589FF|020202|FFFFFF|A487FF|020202|8AAEFF|FFFFFF|020202|A487FF|FFFFFF|020202|A487FF|FF3F3F|020202|FFC2C2|FF3F3F|020202|FFFFFF|FF3F3F|020202|FFFFFF|FF3F3F|020202|191919|8589FF|020202|FFFFFF|8589FF|020202|FFFFFF|AAA7CB|020202|B4BFCD|AAA7CB|020202|B4BFCD|020202|020202|020202|FFFFFF|020202|FFFFFF|020202|020202|020202|020202|020202|020202|FFFFFF|FFFFFF

me as powerfull v.2

Default Boy|2/22|20|Hey! I'm the default boy of Gacha Club.|Lunime|Blue|Rice|USA|Funny|Student|2|1|1|4|1|1|608|0|1|0|1|1|198|137|0|0|0|14|14|2|2|48|48|3|0|0|0|0|0|0|0|0|0|132|71|69|69|4|4|51|51|130|130|0|32|16|16|0|0|0|0|0|0|0|0|0|0|0|0|1|1|0|1|1|1|12|0|1|1|1|1|1|28|3|1|1|1|1|1|1|0|0|0|6|0|0|1|0|1|1|1|1|0|0|0|0|0|0|0|1|1|0|0|0|1|1|0|0|0|1|1|0|0|0|1|1|0|0|0|1|1|0|0|0|1|1|0|0|0|1|1|0|0|0|1|1|0|0|0|1|1|0|0|0|1|1|0|0|0|1|1|0|0|0|1|1|0|0|0|1|1|0|0|0|1|1|0|0|0|1|1|0|0|0|1|1|0|1|1|0|1|1|0|0|0|1|1|0|0|0|1|1|0|1|1|1|1|1|1|0|0|1|1|1|1|0|1|1|0|0|1|1|0|1|1|1|1|1|1|1|1|1|1|1|1|1|1|1|0|1|1|0|0|1|1|0|1|0|0|0|1|1|0|0|1|1|0|0|0|0|0|0|0|0|0|0|1|1|1|0|0|0|0|0|0|0|0|0|0|FFE2D4|8A624F|191919|191919|020202|191919|191919|020202|8A6E5E|3A1F17|694F43|8A6E5E|3A1F17|694F43|8A6E5E|3A1F17|694F43|B15482|191919|020202|FFFFFF|020202|020202|FFFFFF|020202|FF760B|D94A05|FF760B|D94A05|8A624F|020202|8A624F|020202|191919|020202|FF760B|4638FF|020202|BBD4FF|8589FF|020202|FF93BC|7F7EA6|020202|8AAEFF|FF8383|8589FF|FFC2C2|020202|FF8383|020202|FFFFFF|FFFFFF|020202|8AAEFF|FF9441|020202|191919|EBE0FF|020202|8AAEFF|0256C9|020202|8AAEFF|E0E1FF|020202|8ACEFF|191919|191919|FF760B|191919|020202|D94A05|AAA7CB|020202|EEE9FF|AAA7CB|020202|EEE9FF|191919|020202|D94A05|191919|020202|D94A05|191919|020202|D94A05|191919|020202|D94A05|191919|020202|B4BFCD|191919|020202|B8B8B8|191919|020202|D94A05|191919|020202|D94A05|191919|020202|D94A05|191919|020202|D94A05|191919|020202|FF760B|191919|020202|FF760B|4638FF|020202|BCBBFF|8589FF|020202|FFFFFF|A487FF|020202|8AAEFF|FFFFFF|020202|A487FF|FFFFFF|020202|A487FF|FF3F3F|020202|FFC2C2|FF3F3F|020202|FFFFFF|FF3F3F|020202|FFFFFF|FF3F3F|020202|191919|8589FF|020202|FFFFFF|8589FF|020202|FFFFFF|AAA7CB|020202|B4BFCD|AAA7CB|020202|B4BFCD|020202|020202|020202|FFFFFF|020202|FFFFFF|020202|020202|020202|020202|020202|020202|FFFFFF|FFFFFF|0|0|0|0|0|0|0|0|0|0|0|0|0|0|0|0|0|0|0|0|0|0|0|0|0|0|0|0|0|0|0|0|0|0|0|0|0|0|0|0|0|0|0|0|0|0|0|0|0|0|0|0|0|0|0|0|0|0|0|0|0|0|0|0|0|undefined|0|0|0|0|0|0|0|0|0|0|0|0|0|0|0|0|0|0|0|0|0|0|0|0|0|0|0|0|0|0|0|0|0|0|0


me as normal hero

Default Boy|2/22|20|Hey! I'm the default boy of Gacha Club.|Lunime|Blue|Rice|USA|Funny|Student|2|1|1|4|1|1|608|0|1|0|1|1|198|137|0|0|0|14|14|1|1|48|48|3|0|0|0|0|0|0|0|0|0|152|101|13|13|7|7|3|3|113|113|32|102|16|16|0|0|0|76|2|0|0|0|0|0|0|0|1|1|0|1|1|1|0|0|1|1|1|1|1|28|3|1|1|1|1|1|1|0|0|0|6|0|0|1|0|1|1|1|1|0|0|0|0|0|0|0|1|1|0|0|0|1|1|0|0|0|1|1|0|0|0|1|1|0|0|0|1|1|0|0|0|1|1|0|0|0|1|1|0|0|0|1|1|0|0|0|1|1|0|0|0|1|1|0|0|0|1|1|0|0|0|1|1|0|0|0|1|1|0|0|0|1|1|0|0|0|1|1|0|0|0|1|1|0|1|1|0|1|1|0|0|0|1|1|0|0|0|1|1|0|1|1|1|1|1|1|0|0|1|1|1|1|0|1|1|0|0|1|1|0|1|1|1|1|1|1|1|1|1|1|1|1|1|1|1|1|1|1|0|0|1|1|0|1|0|0|0|1|1|0|0|1|1|0|0|0|0|0|0|0|0|0|0|1|1|1|0|0|0|0|0|0|0|0|0|0|FFE2D4|8A624F|191919|191919|020202|191919|191919|020202|8A6E5E|3A1F17|694F43|8A6E5E|3A1F17|694F43|8A6E5E|3A1F17|694F43|B15482|191919|020202|FFFFFF|020202|020202|FFFFFF|020202|FF760B|D94A05|FF760B|D94A05|8A624F|020202|8A624F|020202|191919|020202|ECECEC|4638FF|020202|BBD4FF|8589FF|020202|FF93BC|7F7EA6|020202|8AAEFF|FF8383|8589FF|FFC2C2|020202|FF8383|020202|FFFFFF|FFFFFF|020202|8AAEFF|DEECFF|020202|3A82FF|EBE0FF|020202|8AAEFF|0256C9|020202|8AAEFF|E0E1FF|020202|8ACEFF|FF760B|191919|EEC07A|191919|020202|FF9441|AAA7CB|020202|EEE9FF|AAA7CB|020202|EEE9FF|191919|020202|FF9441|191919|020202|FF9441|333333|020202|020202|333333|020202|020202|191919|020202|B4BFCD|AD3A03|020202|B8B8B8|191919|020202|FF9441|191919|020202|FF9441|191919|020202|FF9441|191919|020202|FF9441|FFFFFF|020202|3A82FF|FFFFFF|020202|3A82FF|4638FF|020202|BCBBFF|191919|020202|FF760B|333333|020202|01449F|FFFFFF|020202|A487FF|FFFFFF|020202|A487FF|FF3F3F|020202|FFC2C2|FF3F3F|020202|FFFFFF|FF3F3F|020202|FFFFFF|FF3F3F|020202|191919|8589FF|020202|FFFFFF|8589FF|020202|FFFFFF|AAA7CB|020202|B4BFCD|AAA7CB|020202|B4BFCD|020202|020202|020202|FFFFFF|020202|FFFFFF|020202|020202|020202|020202|020202|020202|FFFFFF|FFFFFF

me as normal v.2

Default Boy|2/22|20|Hey! I'm the default boy of Gacha Club.|Lunime|Blue|Rice|USA|Funny|Student|2|1|1|4|1|1|1|0|1|0|1|1|198|137|0|0|0|14|14|1|1|129|129|3|0|0|0|0|0|0|0|0|0|152|101|13|13|7|7|3|3|113|113|32|102|16|16|0|0|0|0|2|0|0|0|0|0|0|0|1|1|0|1|1|1|11|0|1|1|1|1|1|28|5|1|1|1|284|1|1|0|0|0|6|0|0|1|0|1|1|1|1|0|0|0|0|0|0|0|1|1|0|0|0|1|1|0|0|0|1|1|0|0|0|1|1|0|0|0|1|1|0|0|0|1|1|0|0|0|1|1|0|0|0|1|1|0|0|0|1|1|0|0|0|1|1|0|0|0|1|1|0|0|0|1|1|0|0|0|1|1|0|0|0|1|1|0|0|0|1|1|0|0|0|1|1|0|1|1|0|1|1|0|0|0|1|1|0|0|0|1|1|0|1|1|1|1|1|1|0|0|1|1|1|1|0|1|1|0|0|1|1|0|1|1|1|1|1|1|1|1|1|1|1|1|1|1|1|0|1|1|0|0|1|1|0|1|0|0|0|1|1|0|0|1|1|0|0|0|0|0|0|0|0|0|0|1|1|1|0|0|0|0|0|0|0|0|0|0|FFE2D4|8A624F|191919|191919|020202|191919|191919|020202|8A6E5E|3A1F17|694F43|8A6E5E|3A1F17|694F43|8A6E5E|3A1F17|694F43|B15482|191919|020202|020202|020202|020202|020202|020202|FF760B|D94A05|FF760B|D94A05|8A624F|020202|8A624F|020202|191919|020202|ECECEC|4638FF|020202|BBD4FF|8589FF|020202|FF93BC|7F7EA6|020202|8AAEFF|FF8383|8589FF|FFC2C2|020202|FF8383|020202|FFFFFF|FFFFFF|020202|8AAEFF|DEECFF|020202|3A82FF|EBE0FF|020202|8AAEFF|0256C9|020202|8AAEFF|E0E1FF|020202|8ACEFF|FF760B|191919|EEC07A|191919|020202|FF9441|AAA7CB|020202|EEE9FF|AAA7CB|020202|EEE9FF|191919|020202|FF9441|191919|020202|FF9441|333333|020202|020202|333333|020202|020202|191919|020202|B4BFCD|AD3A03|020202|B8B8B8|191919|020202|FF9441|191919|020202|FF9441|191919|020202|FF9441|191919|020202|FF9441|FFFFFF|020202|3A82FF|FFFFFF|020202|3A82FF|4638FF|020202|BCBBFF|191919|020202|FF760B|333333|020202|01449F|FFFFFF|020202|A487FF|FFFFFF|020202|A487FF|FF3F3F|020202|FFC2C2|191919|020202|D94A05|191919|020202|D94A05|FF3F3F|020202|191919|8589FF|020202|FFFFFF|8589FF|020202|FFFFFF|AAA7CB|020202|B4BFCD|AAA7CB|020202|B4BFCD|020202|020202|020202|FFFFFF|020202|FFFFFF|020202|020202|020202|020202|020202|020202|FFFFFF|FFFFFF
|0|0|0|0|0|0|0|0|0|0|0|0|0|0|0|0|0|0|0|0|0|0|0|0|0|0|0|0|0|0|0|0|0|0|0|0|0|0|0|0|0|0|0|0|0|0|0|0|0|0|0|0|0|0|0|0|0|0|0|0|0|0|0|0|0|undefined|0|0|0|0|0|0|0|0|0|0|0|0|0|0|0|0|0|0|0|0|0|0|0|0|0|0|0|0|0|0|0|0|1|0|0|0|0|0|undefined|undefined|undefined|undefined|undefined|undefined|undefined|undefined|0|0|0|0|0|0|0|0|0|0|0|0|0|0|0|0|0|undefined|undefined|undefined|0|0|0|0|0|0|undefined|undefined|undefined|0|0|0|0|0|0|0|0|0|0|0|0|undefined|undefined|undefined|undefined|undefined|undefined|0|0|0|0|0|0|0|0|0|0|0|0|undefined|undefined|0|0|0|0|0|0|0|0|0|0|undefined|undefined|undefined|undefined|undefined|undefined|undefined|undefined|0|0|0|0|0|0|0|0|0|undefined|undefined|undefined|0|0|0|0|0|0|undefined|undefined|undefined|0|0|0|0|0|0|undefined|undefined|undefined|undefined|undefined|0|0|0|0|0|0|0|0|0|0|0|0|0|0|0|0|0|0|0|0|0|0|0|0|0|0|0|0|0|0|0|0|0|0|0|0|undefined|undefined|undefined|0|0|0|0|0|0|undefined|undefined|undefined|0|0|0|0|0|0|undefined|undefined|undefined|0|0|0|0|0|0|undefined|undefined|undefined|undefined|undefined|0|0|0|0|0

--------------------------------------------------------------------------------------------------------
oc Marianka powerfull

Default Boy|2/22|20|Hey! I'm the default boy of Gacha Club.|Lunime|Blue|Rice|USA|Funny|Student|2|1|1|4|1|1|608|0|1|0|1|1|272|99|62|0|0|10|10|17|17|130|130|3|0|0|0|0|0|0|0|0|0|133|71|69|69|47|47|51|51|130|130|0|32|16|16|0|0|0|0|0|0|0|0|0|0|0|0|1|1|0|1|1|1|12|0|1|1|1|1|1|28|3|1|1|1|1|1|1|0|0|0|6|0|0|1|0|1|1|1|1|0|0|0|0|0|0|0|1|1|0|0|0|1|1|0|-1|0|15|8|0|1|0|15|8|0|0|0|1|1|0|0|0|1|1|0|0|0|1|1|0|0|0|1|1|0|0|0|1|1|0|0|0|1|1|0|0|0|1|1|0|0|0|1|1|0|0|0|1|1|0|0|0|1|1|0|0|0|1|1|0|0|0|1|1|0|1|1|0|1|1|0|0|0|1|1|0|0|0|1|1|0|1|1|1|1|1|1|0|0|1|1|1|1|0|1|1|0|0|1|1|0|1|1|1|1|1|1|1|1|1|1|1|1|1|1|1|0|1|1|0|0|1|1|0|1|0|0|0|1|1|0|0|1|1|0|0|0|0|0|0|0|0|0|0|1|1|1|0|0|0|0|0|0|0|0|0|0|FFE2D4|8A624F|333333|191919|333333|333333|191919|585858|585858|020202|191919|8A6E5E|3A1F17|694F43|8A6E5E|3A1F17|694F43|B15482|F50655|020202|020202|020202|020202|020202|020202|036AF7|191919|036AF7|191919|333333|020202|333333|020202|191919|020202|FF760B|4638FF|020202|BBD4FF|8589FF|020202|FF93BC|7F7EA6|020202|8AAEFF|FF8383|8589FF|FFC2C2|020202|FF8383|020202|FFFFFF|FFFFFF|020202|8AAEFF|FF9441|020202|191919|EBE0FF|020202|8AAEFF|0256C9|020202|8AAEFF|E0E1FF|020202|8ACEFF|191919|191919|FF0BD4|191919|020202|FF0BD4|AAA7CB|020202|EEE9FF|AAA7CB|020202|EEE9FF|191919|020202|FF0BD4|191919|020202|FF0BD4|191919|020202|FF0BD4|191919|020202|FF0BD4|191919|020202|B4BFCD|191919|020202|B8B8B8|191919|020202|C908A7|191919|020202|C908A7|191919|020202|FF0BD4|191919|020202|FF0BD4|191919|020202|FF0BD4|191919|020202|FF0BD4|4638FF|020202|BCBBFF|8589FF|020202|FFFFFF|A487FF|020202|8AAEFF|FFFFFF|020202|A487FF|FFFFFF|020202|A487FF|FF3F3F|020202|FFC2C2|FF3F3F|020202|FFFFFF|FF3F3F|020202|FFFFFF|FF3F3F|020202|191919|8589FF|020202|FFFFFF|8589FF|020202|FFFFFF|AAA7CB|020202|B4BFCD|AAA7CB|020202|B4BFCD|020202|020202|020202|FFFFFF|020202|FFFFFF|020202|020202|020202|020202|020202|020202|FFFFFF|FFFFFF|0|0|0|0|0|0|0|0|0|0|0|0|0|0|0|0|0|0|0|0|0|0|0|0|0|0|0|0|0|0|0|0|0|0|0|0|0|0|0|0|0|0|0|0|0|0|0|0|0|0|0|0|0|0|0|0|0|0|0|0|0|0|0|0|0|undefined|0|0|0|0|0|0|0|0|0|0|0|0|0|0|0|0|0|0|0|0|0|0|0|0|0|0|0|0|0|0|0|0|0|0|0|0|0|0|undefined|undefined|undefined|undefined|undefined|undefined|undefined|undefined|0|0|0|0|0|0|0|0|0|0|0|0|0|0|0|0|0|undefined|undefined|undefined|0|0|0|0|0|0|undefined|undefined|undefined|0|0|0|0|0|0|0|0|0|0|0|0|undefined|undefined|undefined|undefined|undefined|undefined|0|0|0|0|0|0|0|0|0|0|0|0|undefined|undefined|0|0|0|0|0|0|0|0|0|0|undefined|TBA|undefined|undefined|undefined|undefined|undefined|undefined|0|0|0|0|0|0|0|0|0|undefined|undefined|undefined|0|0|0|0|0|0|undefined|undefined|undefined|0|0|0|0|0|0|undefined|undefined|undefined|TBA|TBA|0|0|0|0|0|0|0|0|0|0|0|0|0|0|0|0|0|0|0|0|0|0|0|0|0|0|0|0|0|0|0|0|0|0|0|0|undefined|undefined|undefined|0|0|0|0|0|0|undefined|undefined|undefined|0|0|0|0|0|0|undefined|undefined|undefined|0|0|0|0|0|0|undefined|undefined|undefined|undefined|undefined

oc Beiner powerfull

oxb|2/22|20|Hey! I'm the default boy of Gacha Club.|Lunime|Blue|Rice|USA|Funny|Student|2|1|1|4|1|1|1|0|1|0|1|1|270|137|0|0|0|9|9|2|2|130|130|3|0|0|0|0|0|0|0|0|0|132|71|69|69|4|4|51|51|126|126|0|32|16|16|0|0|0|0|0|0|0|0|0|0|0|0|1|1|0|1|1|1|12|0|1|1|1|1|1|28|3|1|1|1|1|1|1|0|0|0|6|0|0|1|0|1|1|1|1|0|0|0|0|0|0|0|1|1|0|0|0|1|1|0|-2|0|18|14|0|2|0|18|14|0|0|9|15|1|18|0|9|15|1|-18|0|0|1|1|0|0|0|1|1|0|0|0|1|1|0|0|0|1|1|0|0|0|1|1|0|0|0|1|1|0|0|0|1|1|0|0|0|1|1|0|0|0|1|1|0|0|0|1|1|0|1|1|0|1|1|0|0|0|1|1|0|0|0|1|1|0|1|1|1|1|1|1|0|0|1|1|1|1|0|1|1|0|0|1|1|0|1|1|1|1|1|1|1|1|1|1|1|1|1|1|1|0|1|1|0|0|1|1|0|1|0|0|0|1|1|0|0|1|1|0|0|0|0|0|0|0|0|0|0|1|1|1|0|0|0|0|0|0|0|0|0|0|FFE2D4|8A624F|664430|191919|191919|664430|191919|191919|8A6E5E|3A1F17|694F43|8A6E5E|3A1F17|694F43|8A6E5E|3A1F17|694F43|B15482|02D00A|020202|191919|020202|020202|191919|020202|02D00A|191919|02D00A|191919|8A624F|020202|8A624F|020202|191919|020202|FF760B|4638FF|020202|BBD4FF|8589FF|020202|FF93BC|7F7EA6|020202|8AAEFF|FF8383|8589FF|FFC2C2|020202|FF8383|020202|FFFFFF|FFFFFF|020202|8AAEFF|FF9441|020202|191919|EBE0FF|020202|8AAEFF|0256C9|020202|8AAEFF|E0E1FF|020202|8ACEFF|191919|191919|02D00A|191919|020202|04F50D|AAA7CB|020202|EEE9FF|AAA7CB|020202|EEE9FF|191919|020202|02D00A|191919|020202|02D00A|191919|020202|02D00A|191919|020202|02D00A|191919|020202|B4BFCD|191919|020202|B8B8B8|191919|020202|D94A05|191919|020202|D94A05|191919|020202|02D00A|191919|020202|02D00A|191919|020202|02D00A|191919|020202|02D00A|4638FF|020202|BCBBFF|8589FF|020202|FFFFFF|A487FF|020202|8AAEFF|FFFFFF|020202|A487FF|FFFFFF|020202|A487FF|FF3F3F|020202|FFC2C2|FF3F3F|020202|FFFFFF|FF3F3F|020202|FFFFFF|FF3F3F|020202|191919|8589FF|020202|FFFFFF|8589FF|020202|FFFFFF|AAA7CB|020202|B4BFCD|AAA7CB|020202|B4BFCD|020202|020202|020202|FFFFFF|020202|FFFFFF|020202|020202|020202|020202|020202|020202|FFFFFF|FFFFFF|0|0|0|0|0|0|0|0|0|0|0|0|0|0|0|0|0|0|0|0|0|0|0|0|0|0|0|0|0|0|0|0|0|0|0|0|0|0|0|0|0|0|0|0|0|0|0|0|0|0|0|0|0|0|0|0|0|0|0|0|0|0|0|0|0|undefined|0|0|0|0|0|0|0|0|0|0|0|0|0|0|0|0|0|0|0|0|0|0|0|0|0|0|0|0|0|0|0|0|0|0|0|0|0|0|undefined|undefined|undefined|undefined|undefined|undefined|undefined|undefined|0|0|0|0|0|0|0|0|0|0|0|0|0|0|0|0|0|undefined|undefined|undefined|0|0|0|0|0|0|undefined|undefined|undefined|0|0|0|0|0|0|0|0|0|0|0|0|undefined|undefined|undefined|undefined|undefined|undefined|0|0|0|0|0|0|0|0|0|0|0|0|undefined|undefined|0|0|0|0|0|0|0|0|0|0|undefined|undefined|undefined|undefined|undefined|undefined|undefined|undefined|0|0|0|0|0|0|0|0|0|undefined|undefined|undefined|0|0|0|0|0|0|undefined|undefined|undefined|0|0|0|0|0|0|undefined|undefined|undefined|undefined|undefined|0|0|0|0|0|0|0|0|0|0|0|0|0|0|0|0|0|0|0|0|0|0|0|0|0|0|0|0|0|0|0|0|0|0|0|0|undefined|undefined|undefined|0|0|0|0|0|0|undefined|undefined|undefined|0|0|0|0|0|0|undefined|undefined|undefined|0|0|0|0|0|0|undefined|undefined|undefined|undefined|undefined


-------------------------------------------------------------------------------------------------------


sunset 2 pony

Default Boy|2/22|20|Hey! I'm the default boy of Gacha Club.|Lunime|Blue|Rice|USA|Funny|Student|2|1|1|4|1|1|608|0|1|0|1|1|278|48|15|0|17|10|10|17|17|1|1|1|0|0|0|0|0|0|0|0|0|133|11|3|3|47|47|54|54|126|126|0|125|0|0|0|0|0|0|0|0|0|91|0|0|0|0|1|1|0|1|1|1|11|3|1|1|1|1|1|1|2|1|1|1|1|1|1|0|0|0|6|0|0|1|0|1|1|1|1|0|0|0|0|0|0|0|1|1|0|0|0|1|1|0|0|0|1|1|0|0|0|1|1|0|0|0|1|1|0|0|0|1|1|0|0|0|1|1|0|0|0|1|1|0|0|0|1|1|0|0|0|1|1|0|0|0|1|1|0|0|0|1|1|0|0|0|1|1|0|0|0|1|1|0|0|0|1|1|0|0|0|1|1|0|1|1|0|1|1|0|0|0|1|1|0|0|0|1|1|0|1|1|1|1|1|1|0|0|1|1|1|1|0|1|1|0|0|1|1|0|1|1|1|1|1|1|1|1|1|1|1|1|1|1|1|1|1|1|0|0|1|1|0|1|0|0|0|1|1|0|0|1|1|0|0|0|0|0|0|0|0|0|0|1|1|1|0|0|0|0|0|0|0|0|0|0|F7CCB7|BB9178|FF3F3F|FF3F3F|FFEB58|FF3F3F|FF3F3F|FFEB58|FFEB58|FF3F3F|FF3F3F|8A6E5E|3A1F17|694F43|FFEB58|FF3F3F|FF3F3F|B15482|FFEB58|00C467|020202|020202|00C467|020202|020202|020202|020202|020202|020202|FF3F3F|FF3F3F|FF3F3F|FF3F3F|191919|020202|ECECEC|4638FF|020202|BBD4FF|8589FF|020202|FF93BC|7F7EA6|020202|8AAEFF|FF8383|8589FF|FFC2C2|020202|FF3F3F|020202|FFFFFF|FFFFFF|020202|8AAEFF|DEECFF|020202|3A82FF|EBE0FF|020202|8AAEFF|0256C9|020202|8AAEFF|E0E1FF|020202|8ACEFF|FF9441|020202|F50655|191919|020202|191919|AAA7CB|020202|EEE9FF|AAA7CB|020202|EEE9FF|191919|020202|FF3C87|191919|020202|FF9441|A10686|020202|FF760B|A10686|020202|FF760B|D94A05|020202|B4BFCD|F50655|020202|D94A05|FFFFFF|020202|AAA7CB|FFFFFF|020202|AAA7CB|A10686|020202|FF760B|A10686|020202|FF760B|333333|020202|191919|333333|020202|191919|4638FF|020202|BCBBFF|8589FF|020202|FFFFFF|A487FF|020202|8AAEFF|FFFFFF|020202|A487FF|FFFFFF|020202|A487FF|FF3F3F|020202|FFEB58|FF3F3F|020202|FFFFFF|FF3F3F|020202|FFFFFF|FF3F3F|020202|191919|8589FF|020202|FFFFFF|8589FF|020202|FFFFFF|AAA7CB|020202|B4BFCD|AAA7CB|020202|B4BFCD|020202|020202|020202|FFFFFF|020202|FFFFFF|020202|020202|020202|020202|020202|020202|FFFFFF|FFFFFF

sunset 2 human

Default Boy|2/22|20|Hey! I'm the default boy of Gacha Club.|Lunime|Blue|Rice|USA|Funny|Student|2|1|1|4|1|1|608|0|1|0|1|1|278|19|15|0|17|10|10|17|17|1|1|1|0|0|0|0|0|0|0|0|0|133|11|3|3|47|47|54|54|126|126|0|125|0|0|0|0|0|0|0|0|0|0|0|0|0|0|1|1|0|1|1|1|11|3|1|1|1|1|1|1|2|1|1|1|1|1|1|0|0|0|6|0|0|1|0|1|1|1|1|0|0|0|0|0|0|0|1|1|0|0|0|1|1|0|0|0|1|1|0|0|0|1|1|0|0|0|1|1|0|0|0|1|1|0|0|0|1|1|0|0|0|1|1|0|0|0|1|1|0|0|0|1|1|0|0|0|1|1|0|0|0|1|1|0|0|0|1|1|0|0|0|1|1|0|0|0|1|1|0|0|0|1|1|0|1|1|0|1|1|0|0|0|1|1|0|0|0|1|1|0|1|1|1|1|1|1|0|0|1|1|1|1|0|1|1|0|0|1|1|0|1|1|1|1|1|1|1|1|1|1|1|1|1|1|1|1|1|1|0|0|1|1|0|1|0|0|0|1|1|0|0|1|1|0|0|0|0|0|0|0|0|0|0|1|1|1|0|0|0|0|0|0|0|0|0|0|F7CCB7|BB9178|FF3F3F|FF3F3F|FFEB58|FF3F3F|FF3F3F|FFEB58|FFEB58|FF3F3F|FF3F3F|8A6E5E|3A1F17|694F43|FFEB58|FF3F3F|FF3F3F|B15482|FFEB58|00C467|020202|020202|00C467|020202|020202|020202|020202|020202|020202|FF3F3F|FF3F3F|FF3F3F|FF3F3F|191919|020202|ECECEC|4638FF|020202|BBD4FF|8589FF|020202|FF93BC|7F7EA6|020202|8AAEFF|FF8383|8589FF|FFC2C2|020202|FF3F3F|020202|FFFFFF|FFFFFF|020202|8AAEFF|DEECFF|020202|3A82FF|EBE0FF|020202|8AAEFF|0256C9|020202|8AAEFF|E0E1FF|020202|8ACEFF|FF9441|020202|F50655|191919|020202|191919|AAA7CB|020202|EEE9FF|AAA7CB|020202|EEE9FF|191919|020202|FF3C87|191919|020202|FF9441|A10686|020202|FF760B|A10686|020202|FF760B|D94A05|020202|B4BFCD|F50655|020202|D94A05|FFFFFF|020202|AAA7CB|FFFFFF|020202|AAA7CB|A10686|020202|FF760B|A10686|020202|FF760B|333333|020202|191919|333333|020202|191919|4638FF|020202|BCBBFF|8589FF|020202|FFFFFF|A487FF|020202|8AAEFF|FFFFFF|020202|A487FF|FFFFFF|020202|A487FF|FF3F3F|020202|FFEB58|FF3F3F|020202|FFFFFF|FF3F3F|020202|FFFFFF|FF3F3F|020202|191919|8589FF|020202|FFFFFF|8589FF|020202|FFFFFF|AAA7CB|020202|B4BFCD|AAA7CB|020202|B4BFCD|020202|020202|020202|FFFFFF|020202|FFFFFF|020202|020202|020202|020202|020202|020202|FFFFFF|FFFFFF

sunset pony

Default Boy|2/22|20|Hey! I'm the default boy of Gacha Club.|Lunime|Blue|Rice|USA|Funny|Student|2|1|1|4|1|1|608|0|1|0|1|1|278|48|15|0|17|10|10|17|17|1|1|1|0|0|0|0|0|0|0|0|0|133|11|3|3|47|47|54|54|126|126|0|117|0|0|0|0|0|0|0|0|0|27|0|0|0|0|1|1|0|1|1|1|11|3|1|1|1|1|1|1|2|1|1|1|1|1|1|0|0|0|6|0|0|1|0|1|1|1|1|0|0|0|0|0|0|0|1|1|0|0|0|1|1|0|0|0|1|1|0|0|0|1|1|0|0|0|1|1|0|0|0|1|1|0|0|0|1|1|0|0|0|1|1|0|0|0|1|1|0|0|0|1|1|0|0|0|1|1|0|0|0|1|1|0|0|0|1|1|0|0|0|1|1|0|0|0|1|1|0|0|0|1|1|0|1|1|0|1|1|0|0|0|1|1|0|0|0|1|1|0|1|1|1|1|1|1|0|0|1|1|1|1|0|1|1|0|0|1|1|0|1|1|1|1|1|1|1|1|1|1|1|1|1|1|1|1|1|1|0|0|1|1|0|1|0|0|0|1|1|0|0|1|1|0|0|0|0|0|0|0|0|0|0|1|1|1|0|0|0|0|0|0|0|0|0|0|F7CCB7|BB9178|FF0000|FF0000|FFFC02|FF0000|FF0000|FFFC02|FFFC02|FF0000|FF0000|8A6E5E|3A1F17|694F43|FF0000|FF0000|FFFC02|B15482|FFFC02|00C467|020202|020202|00C467|020202|020202|020202|020202|020202|020202|FF0000|BF0000|FF0000|BF0000|191919|020202|ECECEC|4638FF|020202|BBD4FF|8589FF|020202|FF93BC|7F7EA6|020202|8AAEFF|FF8383|8589FF|FFC2C2|020202|FF3F3F|020202|FFFFFF|FFFFFF|020202|8AAEFF|DEECFF|020202|3A82FF|EBE0FF|020202|8AAEFF|0256C9|020202|8AAEFF|E0E1FF|020202|8ACEFF|3CFFF9|020202|00984F|191919|020202|FFFC02|AAA7CB|020202|EEE9FF|AAA7CB|020202|EEE9FF|191919|020202|FFFC02|191919|020202|FFFC02|6EA8AA|020202|527085|6EA8AA|020202|527085|D94A05|020202|B4BFCD|00984F|020202|01ECE5|FFFFFF|020202|AAA7CB|FFFFFF|020202|AAA7CB|191919|020202|FF760B|191919|020202|FF760B|333333|020202|191919|333333|020202|191919|4638FF|020202|BCBBFF|8589FF|020202|FFFFFF|A487FF|020202|8AAEFF|FFFFFF|020202|A487FF|FFFFFF|020202|A487FF|FF0000|020202|FFFC02|FF3F3F|020202|FFFFFF|FF3F3F|020202|FFFFFF|FF3F3F|020202|191919|8589FF|020202|FFFFFF|8589FF|020202|FFFFFF|AAA7CB|020202|B4BFCD|AAA7CB|020202|B4BFCD|020202|020202|020202|FFFFFF|020202|FFFFFF|020202|020202|020202|020202|020202|020202|FFFFFF|FFFFFF

sunset human

Default Boy|2/22|20|Hey! I'm the default boy of Gacha Club.|Lunime|Blue|Rice|USA|Funny|Student|2|1|1|4|1|1|608|0|1|0|1|1|278|19|15|0|17|10|10|17|17|1|1|1|0|0|0|0|0|0|0|0|0|133|11|3|3|47|47|54|54|126|126|0|117|0|0|0|0|0|0|0|0|0|0|0|0|0|0|1|1|0|1|1|1|11|3|1|1|1|1|1|1|2|1|1|1|1|1|1|0|0|0|6|0|0|1|0|1|1|1|1|0|0|0|0|0|0|0|1|1|0|0|0|1|1|0|0|0|1|1|0|0|0|1|1|0|0|0|1|1|0|0|0|1|1|0|0|0|1|1|0|0|0|1|1|0|0|0|1|1|0|0|0|1|1|0|0|0|1|1|0|0|0|1|1|0|0|0|1|1|0|0|0|1|1|0|0|0|1|1|0|0|0|1|1|0|1|1|0|1|1|0|0|0|1|1|0|0|0|1|1|0|1|1|1|1|1|1|0|0|1|1|1|1|0|1|1|0|0|1|1|0|1|1|1|1|1|1|1|1|1|1|1|1|1|1|1|1|1|1|0|0|1|1|0|1|0|0|0|1|1|0|0|1|1|0|0|0|0|0|0|0|0|0|0|1|1|1|0|0|0|0|0|0|0|0|0|0|F7CCB7|BB9178|FF0000|FF0000|FFFC02|FF0000|FF0000|FFFC02|FFFC02|FF0000|FF0000|8A6E5E|3A1F17|694F43|FF0000|FF0000|FFFC02|B15482|FFFC02|00C467|020202|020202|00C467|020202|020202|020202|020202|020202|020202|FF0000|BF0000|FF0000|BF0000|191919|020202|ECECEC|4638FF|020202|BBD4FF|8589FF|020202|FF93BC|7F7EA6|020202|8AAEFF|FF8383|8589FF|FFC2C2|020202|FF3F3F|020202|FFFFFF|FFFFFF|020202|8AAEFF|DEECFF|020202|3A82FF|EBE0FF|020202|8AAEFF|0256C9|020202|8AAEFF|E0E1FF|020202|8ACEFF|3CFFF9|020202|00984F|191919|020202|FFFC02|AAA7CB|020202|EEE9FF|AAA7CB|020202|EEE9FF|191919|020202|FFFC02|191919|020202|FFFC02|6EA8AA|020202|527085|6EA8AA|020202|527085|D94A05|020202|B4BFCD|00984F|020202|01ECE5|FFFFFF|020202|AAA7CB|FFFFFF|020202|AAA7CB|191919|020202|FF760B|191919|020202|FF760B|333333|020202|191919|333333|020202|191919|4638FF|020202|BCBBFF|8589FF|020202|FFFFFF|A487FF|020202|8AAEFF|FFFFFF|020202|A487FF|FFFFFF|020202|A487FF|FF3F3F|020202|FFEB58|FF3F3F|020202|FFFFFF|FF3F3F|020202|FFFFFF|FF3F3F|020202|191919|8589FF|020202|FFFFFF|8589FF|020202|FFFFFF|AAA7CB|020202|B4BFCD|AAA7CB|020202|B4BFCD|020202|020202|020202|FFFFFF|020202|FFFFFF|020202|020202|020202|020202|020202|020202|FFFFFF|FFFFFF

sci-twi

Default Boy|2/22|20|Hey! I'm the default boy of Gacha Club.|Lunime|Blue|Rice|USA|Funny|Student|2|1|1|4|1|1|1|0|1|1|1|1|319|267|0|99|0|10|10|17|17|1|1|1|44|0|0|0|0|0|0|0|0|137|0|75|75|60|60|8|8|113|113|132|146|0|0|0|0|0|0|5|0|0|0|0|0|0|0|1|1|0|1|1|1|12|0|1|1|1|1|1|1|2|1|1|1|1|1|1|0|0|0|6|0|0|1|0|1|1|1|1|0|0|0|0|0|0|0|1|1|0|0|0|1|1|0|0|0|1|1|0|0|0|1|1|0|0|0|1|1|0|0|0|1|1|0|0|0|1|1|0|0|0|1|1|0|0|0|1|1|0|0|0|1|1|0|0|0|1|1|0|0|0|1|1|0|0|0|1|1|0|0|0|1|1|0|0|0|1|1|0|0|0|1|1|0|1|1|0|1|1|0|0|0|1|1|0|0|0|1|1|0|1|2|1|1|1|1|0|0|1|1|1|1|0|1|1|0|0|1|1|0|1|1|1|1|1|1|1|1|1|1|1|1|1|1|1|1|1|1|0|0|1|1|0|1|0|0|0|1|1|0|0|1|1|0|0|0|0|0|0|0|0|0|0|1|1|1|0|0|0|0|0|0|0|0|0|0|FFE2D4|8A624F|6605D9|24014F|FF0BD4|6605D9|24014F|FF0BD4|6605D9|24014F|FF0BD4|6605D9|24014F|FF0BD4|6605D9|24014F|FF0BD4|B15482|C908A7|C908A7|020202|020202|C908A7|020202|020202|020202|191919|020202|191919|6605D9|020202|6605D9|020202|191919|020202|ECECEC|4638FF|020202|BBD4FF|8589FF|020202|FF93BC|7F7EA6|020202|8AAEFF|FF8383|8589FF|FFC2C2|020202|FF8383|020202|FFFFFF|FFFFFF|020202|8AAEFF|DEECFF|020202|3A82FF|EBE0FF|020202|8AAEFF|0256C9|020202|8AAEFF|E0E1FF|020202|8ACEFF|8ACEFF|020202|4F03AA|191919|020202|4638FF|AAA7CB|020202|EEE9FF|AAA7CB|020202|EEE9FF|8ACEFF|020202|4F03AA|8ACEFF|020202|4F03AA|3D3E62|020202|3D3E62|3D3E62|020202|3D3E62|A10686|020202|3A027E|24014F|020202|A10686|FFFFFF|020202|AAA7CB|FFFFFF|020202|AAA7CB|A10686|020202|3A027E|A10686|020202|3A027E|6605D9|020202|3A027E|6605D9|020202|3A027E|4638FF|020202|BCBBFF|8589FF|020202|FFFFFF|FF0BD4|020202|8AAEFF|FFFFFF|020202|A487FF|FFFFFF|020202|A487FF|FF3F3F|020202|FFC2C2|FF3F3F|020202|FFFFFF|FF3F3F|020202|FFFFFF|FF3F3F|020202|191919|8589FF|020202|FFFFFF|8589FF|020202|FFFFFF|AAA7CB|020202|B4BFCD|AAA7CB|020202|B4BFCD|020202|020202|020202|FFFFFF|020202|FFFFFF|020202|020202|020202|020202|020202|020202|FFFFFF|FFFFFF

twilght sparkle

Default Boy|2/22|20|Hey! I'm the default boy of Gacha Club.|Lunime|Blue|Rice|USA|Funny|Student|2|1|1|4|1|1|1|0|1|1|1|1|271|52|53|0|0|10|10|17|17|1|1|1|0|0|0|0|0|0|0|0|0|137|0|75|75|60|60|8|8|113|113|132|146|0|0|0|0|0|0|31|0|0|0|0|0|0|0|1|1|0|1|1|1|12|0|1|1|1|1|1|1|2|1|1|1|1|1|1|0|0|0|6|0|0|1|0|1|1|1|1|0|0|0|0|0|0|0|1|1|0|0|0|1|1|0|0|0|1|1|0|0|0|1|1|0|0|0|1|1|0|0|0|1|1|0|0|0|1|1|0|0|0|1|1|0|0|0|1|1|0|0|0|1|1|0|0|0|1|1|0|0|0|1|1|0|0|0|1|1|0|0|0|1|1|0|0|0|1|1|0|0|0|1|1|0|1|1|0|1|1|0|0|0|1|1|0|0|0|1|1|0|1|2|-3|1|1|18|0|0|1|1|1|1|0|1|1|0|0|1|1|0|1|1|1|1|1|1|1|1|1|1|1|1|1|1|1|1|1|1|0|0|1|1|0|1|0|0|0|1|1|0|0|1|1|0|0|0|0|0|0|0|0|0|0|1|1|1|0|0|0|0|0|0|0|0|0|0|FFE2D4|8A624F|6605D9|24014F|FF0BD4|6605D9|24014F|FF0BD4|6605D9|24014F|FF0BD4|6605D9|24014F|FF0BD4|6605D9|24014F|FF0BD4|B15482|C908A7|7807FF|020202|020202|7807FF|020202|020202|020202|191919|020202|191919|6605D9|020202|6605D9|020202|191919|020202|ECECEC|4638FF|020202|BBD4FF|8589FF|020202|FF93BC|7F7EA6|020202|8AAEFF|FF8383|8589FF|FFC2C2|020202|FF8383|020202|FFFFFF|FFFFFF|020202|8AAEFF|DEECFF|020202|3A82FF|EBE0FF|020202|8AAEFF|0256C9|020202|8AAEFF|E0E1FF|020202|8ACEFF|8ACEFF|020202|4F03AA|191919|020202|4638FF|AAA7CB|020202|EEE9FF|AAA7CB|020202|EEE9FF|8ACEFF|020202|4F03AA|8ACEFF|020202|4F03AA|3D3E62|020202|3D3E62|3D3E62|020202|3D3E62|A10686|020202|3A027E|24014F|020202|A10686|FFFFFF|020202|AAA7CB|FFFFFF|020202|AAA7CB|A10686|020202|3A027E|A10686|020202|3A027E|6605D9|020202|3A027E|6605D9|020202|3A027E|4638FF|020202|BCBBFF|8589FF|020202|FFFFFF|FF0BD4|020202|8AAEFF|FFFFFF|020202|A487FF|FFFFFF|020202|A487FF|FF3F3F|020202|FFC2C2|FF3F3F|020202|FFFFFF|FF3F3F|020202|FFFFFF|FF3F3F|020202|191919|8589FF|020202|FFFFFF|8589FF|020202|FFFFFF|AAA7CB|020202|B4BFCD|AAA7CB|020202|B4BFCD|020202|020202|020202|FFFFFF|020202|FFFFFF|020202|020202|020202|020202|020202|020202|FFFFFF|FFFFFF

twilght sparkle update

Default Boy|2/22|20|Hey! I'm the default boy of Gacha Club.|Lunime|Blue|Rice|USA|Funny|Student|2|1|1|4|1|1|1|0|1|0|1|1|379|19|53|0|0|10|10|17|17|129|129|53|0|0|0|0|0|0|0|0|0|137|0|75|75|60|60|8|8|113|113|132|146|0|0|0|0|0|0|31|0|0|0|0|0|0|0|1|1|0|1|1|1|12|0|1|1|2|1|1|28|29|1|1|1|1|1|1|0|0|0|6|0|0|1|0|1|1|1|1|0|0|0|0|0|0|0|1|1|0|0|0|1|1|0|2|0|6|5|0|-2|0|6|5|0|0|0|1|1|0|0|0|1|1|0|0|0|1|1|0|0|0|1|1|0|0|0|1|1|0|0|0|1|1|0|0|0|1|1|0|0|0|1|1|0|0|0|1|1|0|0|0|1|1|0|0|0|1|1|0|0|0|1|1|0|1|1|0|1|1|0|0|0|1|1|0|0|0|1|1|0|1|2|0|-11|1|1|0|0|1|1|0|1|0|1|1|0|0|1|1|0|1|1|1|1|1|1|1|1|1|1|1|1|1|1|1|0|1|1|0|0|1|1|0|1|0|0|0|1|1|0|0|1|1|0|0|0|0|0|0|0|0|0|0|1|1|1|0|0|0|0|0|0|0|0|0|0|FFE2D4|8A624F|6605D9|24014F|FF0BD4|6605D9|24014F|FF0BD4|6605D9|24014F|FF0BD4|6605D9|24014F|FF0BD4|6605D9|24014F|FF0BD4|B15482|C908A7|020202|020202|020202|020202|020202|020202|7807FF|6605D9|7807FF|6605D9|6605D9|020202|6605D9|020202|191919|020202|ECECEC|4638FF|020202|BBD4FF|8589FF|020202|FF93BC|7F7EA6|020202|8AAEFF|FF8383|8589FF|FFC2C2|020202|FF8383|020202|FFFFFF|FFFFFF|020202|8AAEFF|DEECFF|020202|3A82FF|EBE0FF|020202|8AAEFF|0256C9|020202|8AAEFF|E0E1FF|020202|8ACEFF|8ACEFF|020202|4F03AA|191919|020202|4638FF|AAA7CB|020202|EEE9FF|AAA7CB|020202|EEE9FF|8ACEFF|020202|4F03AA|8ACEFF|020202|4F03AA|3D3E62|020202|3D3E62|3D3E62|020202|3D3E62|A10686|020202|3A027E|24014F|020202|A10686|FFFFFF|020202|AAA7CB|FFFFFF|020202|AAA7CB|A10686|020202|3A027E|A10686|020202|3A027E|6605D9|020202|3A027E|6605D9|020202|3A027E|4638FF|020202|BCBBFF|8589FF|020202|FFFFFF|FF0BD4|020202|8AAEFF|FFFFFF|020202|A487FF|FFFFFF|020202|A487FF|FF3F3F|020202|FFC2C2|FF3F3F|020202|FFFFFF|FF3F3F|020202|FFFFFF|FF3F3F|020202|191919|8589FF|020202|FFFFFF|8589FF|020202|FFFFFF|AAA7CB|020202|B4BFCD|AAA7CB|020202|B4BFCD|020202|020202|020202|FFFFFF|020202|FFFFFF|020202|020202|020202|020202|020202|020202|FFFFFF|FFFFFF|0|0|0|0|0|0|0|0|0|0|0|0|0|0|0|0|0|0|0|0|0|0|0|0|0|0|0|0|0|0|1|0|0|0|0|0|0|0|0|0|0|0|0|0|0|0|0|0|0|0|0|0|0|0|0|0|0|0|0|0|0|0|0|0|0|undefined|1|0|0|0|0|0|0|0|0|0|0|0|0|0|0|0|0|0|0|0|0|0|0|0|0|0|0|0|0|0|0|0|1|0|0|1|0|0|undefined|undefined|undefined|undefined|undefined|undefined|undefined|undefined|0|0|0|0|0|0|0|0|0|0|0|0|0|0|0|0|0|undefined|undefined|undefined|0|0|0|0|0|0|undefined|undefined|undefined|0|0|0|0|0|0|0|0|0|0|0|0|undefined|undefined|undefined|undefined|undefined|undefined|0|0|0|0|0|0|0|0|0|0|0|0|undefined|undefined|0|0|0|0|0|0|0|0|0|0|undefined|undefined|undefined|undefined|undefined|undefined|undefined|undefined|0|0|0|0|0|0|0|0|0|undefined|undefined|undefined|0|0|0|0|0|0|undefined|undefined|undefined|0|0|0|0|0|0|undefined|undefined|undefined|undefined|undefined|0|0|0|0|0|0|0|0|0|0|0|0|0|0|0|0|0|0|0|0|0|0|0|0|0|0|0|0|0|0|0|0|0|0|0|0|undefined|undefined|undefined|0|0|0|0|0|0|undefined|undefined|undefined|0|0|0|0|0|0|undefined|undefined|undefined|0|0|0|0|0|0|undefined|undefined|undefined|undefined|undefined|0|0|0|0|0

pinkie pie

Default Boy|2/22|20|Hey! I'm the default boy of Gacha Club.|Lunime|Blue|Rice|USA|Funny|Student|2|1|1|4|1|1|1|0|1|1|1|1|11|48|117|0|0|10|10|17|17|1|1|1|0|0|0|0|0|0|0|0|0|46|20|94|94|60|60|53|53|113|113|128|58|0|0|0|0|0|0|0|0|0|0|0|0|0|0|1|1|0|1|1|1|12|0|1|1|1|1|1|1|2|1|1|1|1|1|1|0|0|0|6|0|0|1|0|1|1|1|1|0|0|0|0|0|0|0|1|1|0|0|0|1|1|0|0|0|1|1|0|0|0|1|1|0|0|0|1|1|0|0|0|1|1|0|0|0|1|1|0|0|0|1|1|0|0|0|1|1|0|0|0|1|1|0|0|0|1|1|0|0|0|1|1|0|0|0|1|1|0|0|0|1|1|0|0|0|1|1|0|0|0|1|1|0|1|1|0|1|1|0|0|0|1|1|0|0|0|1|1|0|1|2|-3|1|1|18|0|0|1|1|1|1|0|1|1|0|0|1|1|0|1|1|1|1|1|1|1|1|1|1|1|1|1|1|1|1|1|1|0|0|1|1|0|1|0|0|0|1|1|0|0|1|1|0|0|0|0|0|0|0|0|0|0|1|1|1|0|0|0|0|0|0|0|0|0|0|FFE2D4|8A624F|FF48DF|C908A7|FF0BD4|FF48DF|C908A7|FF0BD4|FF48DF|C908A7|FF0BD4|FF48DF|C908A7|FF0BD4|FF48DF|C908A7|FF0BD4|B15482|FF48DF|3A82FF|020202|020202|3A82FF|020202|020202|020202|191919|020202|191919|FF0BD4|020202|FF0BD4|020202|191919|020202|ECECEC|4638FF|020202|BBD4FF|8589FF|020202|FF93BC|7F7EA6|020202|8AAEFF|FF8383|8589FF|FFC2C2|020202|FF8383|020202|FFFFFF|FFFFFF|020202|8AAEFF|DEECFF|020202|3A82FF|EBE0FF|020202|8AAEFF|0256C9|020202|8AAEFF|E0E1FF|020202|8ACEFF|ECECEC|020202|FF0BD4|8ACEFF|020202|8589FF|AAA7CB|020202|EEE9FF|AAA7CB|020202|EEE9FF|8ACEFF|020202|F50655|8ACEFF|020202|F50655|3D3E62|020202|3D3E62|3D3E62|020202|3D3E62|F50655|020202|FF0BD4|F50655|020202|FF0BD4|FFFFFF|020202|AAA7CB|FFFFFF|020202|AAA7CB|FF3C87|020202|E2E000|FF3C87|020202|E2E000|3FC4FF|020202|01449F|3FC4FF|020202|01449F|4638FF|020202|BCBBFF|8589FF|020202|FFFFFF|FF0BD4|020202|8AAEFF|FFFFFF|020202|A487FF|FFFFFF|020202|A487FF|FF3F3F|020202|FFC2C2|FF3F3F|020202|FFFFFF|FF3F3F|020202|FFFFFF|FF3F3F|020202|191919|8589FF|020202|FFFFFF|8589FF|020202|FFFFFF|AAA7CB|020202|B4BFCD|AAA7CB|020202|B4BFCD|020202|020202|020202|FFFFFF|020202|FFFFFF|020202|020202|020202|020202|020202|020202|FFFFFF|FFFFFF


pinkie pie update

Default Boy|2/22|20|Hey! I'm the default boy of Gacha Club.|Lunime|Blue|Rice|USA|Funny|Student|2|1|1|4|1|1|1|0|2|0|1|1|11|24|117|0|0|10|34|17|17|129|129|245|0|0|0|0|0|0|0|0|0|46|20|94|94|60|60|53|53|113|113|128|58|0|0|0|0|0|0|0|0|0|0|0|0|0|0|1|1|0|1|1|1|12|2|1|1|1|0|1|56|2|1|1|1|1|1|1|0|0|0|6|0|0|1|0|1|1|1|1|0|0|0|0|0|0|0|1|1|0|0|0|1|1|0|-4|0|1|1|0|4|0|1|1|0|0|7|1|1|0|0|7|1|1|0|0|0|1|1|0|0|0|1|1|0|0|0|1|1|0|0|0|1|1|0|0|0|1|1|0|0|0|1|1|0|0|0|1|1|0|0|0|1|1|0|0|0|1|1|0|0|0|1|1|0|1|1|0|1|1|0|0|0|1|1|0|0|0|1|1|0|1|2|0|0|1|1|0|0|1|1|0|0|0|1|1|0|0|1|1|0|1|1|1|1|1|1|1|1|1|1|1|1|1|1|1|0|1|1|0|0|1|1|0|1|0|0|0|1|1|0|0|1|1|0|0|0|0|0|0|0|0|0|0|1|1|1|0|0|0|0|0|0|0|0|0|0|FFE2D4|8A624F|FF48DF|C908A7|FF0BD4|FF48DF|C908A7|FF0BD4|FF48DF|C908A7|FF0BD4|FF48DF|C908A7|FF0BD4|FF48DF|C908A7|FF0BD4|B15482|FF48DF|FFFFFF|ECECEC|020202|FFFFFF|020202|020202|3A82FF|036AF7|3A82FF|036AF7|FF0BD4|C908A7|FF0BD4|C908A7|191919|020202|ECECEC|4638FF|020202|BBD4FF|8589FF|020202|FF93BC|7F7EA6|020202|8AAEFF|FF0000|8589FF|FFC2C2|020202|FF8383|020202|FFFFFF|FFFFFF|020202|8AAEFF|DEECFF|020202|3A82FF|EBE0FF|020202|8AAEFF|0256C9|020202|8AAEFF|E0E1FF|020202|8ACEFF|ECECEC|020202|FF0BD4|8ACEFF|020202|8589FF|AAA7CB|020202|EEE9FF|AAA7CB|020202|EEE9FF|8ACEFF|020202|F50655|8ACEFF|020202|F50655|3D3E62|020202|3D3E62|3D3E62|020202|3D3E62|F50655|020202|FF0BD4|F50655|020202|FF0BD4|FFFFFF|020202|AAA7CB|FFFFFF|020202|AAA7CB|FF3C87|020202|E2E000|FF3C87|020202|E2E000|3FC4FF|020202|01449F|3FC4FF|020202|01449F|4638FF|020202|BCBBFF|8589FF|020202|FFFFFF|FF0BD4|020202|8AAEFF|FFFFFF|020202|A487FF|FFFFFF|020202|A487FF|FF3F3F|020202|FFC2C2|FF3F3F|020202|FFFFFF|FF3F3F|020202|FFFFFF|FF3F3F|020202|191919|8589FF|020202|FFFFFF|8589FF|020202|FFFFFF|AAA7CB|020202|B4BFCD|AAA7CB|020202|B4BFCD|020202|020202|020202|FFFFFF|020202|FFFFFF|020202|020202|020202|020202|020202|020202|FFFFFF|FFFFFF|0|0|0|0|0|0|0|0|0|0|0|0|0|0|0|0|0|0|0|0|0|0|0|0|0|0|0|0|0|0|1|0|0|1|1|0|0|1|1|0|0|0|1|1|0|0|0|0|0|0|0|0|0|0|0|0|0|0|0|0|0|0|0|0|0|undefined|0|0|0|0|0|0|0|0|0|0|0|0|0|0|0|0|0|0|0|0|0|0|0|0|0|0|0|0|0|0|0|0|0|0|0|0|0|0|undefined|undefined|undefined|undefined|undefined|undefined|undefined|undefined|0|0|1|1|0|0|0|1|1|0|0|0|0|0|1|1|0|undefined|undefined|undefined|0|0|0|1|1|0|undefined|undefined|undefined|0|0|1|1|0|0|0|1|1|0|0|0|undefined|undefined|undefined|undefined|undefined|undefined|0|0|1|1|0|0|0|1|1|0|0|0|undefined|undefined|0|0|1|1|0|0|0|1|1|0|undefined|undefined|undefined|undefined|undefined|undefined|undefined|undefined|0|0|0|0|0|0|0|0|0|undefined|undefined|undefined|0|0|0|0|0|0|undefined|undefined|undefined|0|0|0|0|0|0|undefined|undefined|undefined|undefined|undefined|0|0|0|0|0|0|0|0|0|0|0|0|1|1|0|0|0|1|1|0|0|0|1|1|0|0|0|1|1|0|0|0|0|0|0|0|undefined|undefined|undefined|0|0|0|0|0|0|undefined|undefined|undefined|0|0|0|0|0|0|undefined|undefined|undefined|0|0|0|0|0|0|undefined|undefined|undefined|undefined|undefined|0|0|0|0|0


RDASH

Default Boy|2/22|20|Hey! I'm the default boy of Gacha Club.|Lunime|Blue|Rice|USA|Funny|Student|2|1|1|4|1|1|32|0|1|1|1|1|11|48|0|86|0|10|10|17|17|1|1|1|0|0|0|0|0|0|0|0|0|14|31|58|58|4|4|123|123|113|113|0|125|0|0|0|0|0|0|0|0|0|0|0|0|0|0|1|1|0|1|1|1|12|0|1|1|1|1|1|28|42|1|1|1|1|1|1|0|0|52|6|0|0|1|0|1|1|1|1|0|0|0|0|0|0|0|1|1|0|0|0|1|1|0|0|0|1|1|0|0|0|1|1|0|0|0|1|1|0|0|0|1|1|0|0|0|1|1|0|0|0|1|1|0|0|0|1|1|0|0|0|1|1|0|0|0|1|1|0|0|0|1|1|0|0|0|1|1|0|0|0|1|1|0|0|0|1|1|0|0|0|1|1|0|1|1|0|1|1|0|0|0|1|1|0|0|0|1|1|0|1|2|-3|1|1|18|0|0|1|1|1|1|0|1|1|0|0|1|1|0|1|1|1|1|1|1|1|1|1|1|1|1|1|1|1|1|1|1|0|0|1|1|0|1|0|0|0|1|1|0|0|1|1|0|0|0|0|0|0|0|0|0|0|1|1|1|0|0|0|0|0|0|0|0|0|0|FFE2D4|8A624F|3A82FF|036AF7|04F50D|A487FF|036AF7|FF760B|FF3F3F|036AF7|04F50D|FFEB58|036AF7|FF0000|3A82FF|036AF7|04F50D|B15482|FF0BD4|FF0BD4|020202|020202|FF0BD4|020202|020202|020202|191919|020202|191919|036AF7|020202|036AF7|020202|191919|020202|ECECEC|4638FF|020202|BBD4FF|8589FF|020202|FF93BC|7F7EA6|020202|8AAEFF|FF8383|02D00A|FFC2C2|020202|FF8383|020202|FFFFFF|FFFFFF|020202|8AAEFF|DEECFF|020202|3A82FF|EBE0FF|020202|8AAEFF|0256C9|020202|8AAEFF|E0E1FF|020202|8ACEFF|191919|020202|FFFFFF|8ACEFF|020202|8589FF|AAA7CB|020202|EEE9FF|AAA7CB|020202|EEE9FF|8ACEFF|020202|036AF7|8ACEFF|020202|036AF7|191919|020202|0256C9|191919|020202|0256C9|3A82FF|020202|036AF7|3A82FF|020202|036AF7|FFFFFF|020202|AAA7CB|FFFFFF|020202|AAA7CB|036AF7|020202|FFEB58|036AF7|020202|FFEB58|3FC4FF|020202|01449F|3FC4FF|020202|01449F|4638FF|020202|BCBBFF|8589FF|020202|FFFFFF|FF0BD4|020202|8AAEFF|FFFFFF|020202|A487FF|FFFFFF|020202|A487FF|FF3F3F|020202|FFC2C2|FF3F3F|020202|FFFFFF|FF3F3F|020202|FFFFFF|FF3F3F|020202|191919|8589FF|020202|FFFFFF|8589FF|020202|FFFFFF|AAA7CB|020202|B4BFCD|AAA7CB|020202|B4BFCD|020202|020202|020202|FFFFFF|020202|FFFFFF|020202|020202|020202|020202|020202|020202|FFFFFF|FFFFFF


AJ

Default Boy|2/22|20|Hey! I'm the default boy of Gacha Club.|Lunime|Blue|Rice|USA|Funny|Student|2|1|1|4|1|1|1|0|1|1|1|1|44|48|34|0|0|10|10|17|17|1|1|1|0|0|0|0|20|0|0|0|0|73|0|2|2|34|34|92|92|113|113|0|79|0|0|0|0|0|0|0|0|0|0|0|0|0|0|1|1|0|1|1|1|12|0|1|1|1|1|1|1|2|1|1|1|1|1|1|0|0|0|6|0|0|1|0|1|1|1|1|0|0|0|0|0|0|0|1|1|0|0|0|1|1|0|0|0|1|1|0|0|0|1|1|0|0|0|1|1|0|0|0|1|1|0|0|0|1|1|0|0|0|1|1|0|4|-4|18|20|345|0|0|1|1|0|0|0|1|1|0|0|0|1|1|0|0|0|1|1|0|0|0|1|1|0|0|0|1|1|0|0|0|1|1|0|1|1|0|1|1|0|0|0|1|1|0|0|0|1|1|0|1|2|-3|1|1|18|0|0|1|1|1|1|0|1|1|0|0|1|1|0|1|1|1|1|1|1|1|1|1|1|1|1|1|1|1|1|1|1|0|0|1|1|0|1|0|0|0|1|1|0|0|1|1|0|0|0|0|0|0|0|0|0|0|1|1|1|0|0|0|0|0|0|0|0|0|0|FFE2D4|8A624F|FCEF89|ECC258|ECC258|FCEF89|ECC258|ECC258|FCEF89|ECC258|ECC258|FCEF89|ECC258|ECC258|FCEF89|ECC258|ECC258|B15482|ECC258|51FF38|020202|020202|51FF38|020202|020202|020202|191919|020202|191919|FCEF89|020202|FCEF89|020202|191919|020202|ECECEC|4638FF|020202|BBD4FF|8589FF|020202|FF93BC|7F7EA6|020202|8AAEFF|FF8383|02D00A|FFC2C2|020202|FF8383|020202|FFFFFF|855944|020202|C49067|DEECFF|020202|3A82FF|EBE0FF|020202|8AAEFF|0256C9|020202|8AAEFF|E0E1FF|020202|8ACEFF|51FF38|020202|FFFFFF|8ACEFF|020202|8589FF|AAA7CB|020202|EEE9FF|AAA7CB|020202|EEE9FF|FFFFFF|020202|51FF38|FFFFFF|020202|51FF38|6D72AA|020202|3D3E62|6D72AA|020202|3D3E62|3A82FF|020202|036AF7|FF0000|020202|FFC2C2|FFFFFF|020202|AAA7CB|FFFFFF|020202|AAA7CB|855944|020202|46291B|855944|020202|46291B|FFFFFF|020202|FF3F3F|FFFFFF|020202|FF3F3F|4638FF|020202|BCBBFF|8589FF|020202|FFFFFF|FF0BD4|020202|8AAEFF|FFFFFF|020202|A487FF|FFFFFF|020202|A487FF|FF3F3F|020202|FFC2C2|FF3F3F|020202|FFFFFF|FF3F3F|020202|FFFFFF|FF3F3F|020202|191919|8589FF|020202|FFFFFF|8589FF|020202|FFFFFF|AAA7CB|020202|B4BFCD|AAA7CB|020202|B4BFCD|020202|020202|020202|FFFFFF|020202|FFFFFF|020202|020202|020202|020202|020202|020202|FFFFFF|FFFFFF

AJ update

Default Boy|2/22|20|Hey! I'm the default boy of Gacha Club.|Lunime|Blue|Rice|USA|Funny|Student|2|1|1|4|1|1|1|0|2|0|1|1|44|9|34|0|0|10|10|17|17|129|129|249|0|0|0|0|20|0|0|0|0|73|0|2|2|34|34|92|92|113|113|0|79|0|0|0|0|0|0|0|0|0|0|0|0|0|0|1|1|0|1|1|1|12|1|1|1|1|0|1|29|56|1|1|1|1|1|1|0|0|0|6|0|0|1|0|1|1|1|1|0|0|0|0|0|0|0|1|1|0|0|0|1|1|0|0|0|1|1|0|0|0|1|1|0|0|0|1|1|0|0|0|1|1|0|0|0|1|1|0|0|0|1|1|0|0|0|1|1|0|0|0|1|1|0|0|0|1|1|0|0|0|1|1|0|0|0|1|1|0|0|0|1|1|0|0|0|1|1|0|0|0|1|1|0|1|1|0|1|1|0|0|0|1|1|0|0|0|1|1|0|1|2|0|0|1|1|0|0|1|1|0|0|0|1|1|0|0|1|1|0|1|1|1|1|1|1|1|1|1|1|1|1|1|1|1|0|1|1|0|0|1|1|0|1|0|0|0|1|1|0|0|1|1|0|0|0|0|0|0|0|0|0|0|1|1|1|0|0|0|0|0|0|0|0|0|0|FFE2D4|8A624F|FCEF89|ECC258|ECC258|FCEF89|ECC258|ECC258|FCEF89|ECC258|ECC258|FCEF89|ECC258|ECC258|FCEF89|ECC258|ECC258|B15482|ECC258|FFFFFF|FFFFFF|020202|FFFFFF|FFFFFF|020202|04F50D|02D00A|04F50D|02D00A|FCEF89|FFEB58|FCEF89|FFEB58|191919|020202|ECECEC|4638FF|020202|BBD4FF|8589FF|020202|FF93BC|7F7EA6|020202|8AAEFF|FF8383|02D00A|FFC2C2|020202|FF8383|020202|FFFFFF|855944|020202|C49067|DEECFF|020202|3A82FF|EBE0FF|020202|8AAEFF|0256C9|020202|8AAEFF|E0E1FF|020202|8ACEFF|51FF38|020202|FFFFFF|8ACEFF|020202|8589FF|AAA7CB|020202|EEE9FF|AAA7CB|020202|EEE9FF|FFFFFF|020202|51FF38|FFFFFF|020202|51FF38|6D72AA|020202|3D3E62|6D72AA|020202|3D3E62|3A82FF|020202|036AF7|FF0000|020202|FFC2C2|FFFFFF|020202|AAA7CB|FFFFFF|020202|AAA7CB|855944|020202|46291B|855944|020202|46291B|FFFFFF|020202|FF3F3F|FFFFFF|020202|FF3F3F|4638FF|020202|BCBBFF|8589FF|020202|FFFFFF|FF0BD4|020202|8AAEFF|FFFFFF|020202|A487FF|FFFFFF|020202|A487FF|FF3F3F|020202|FFC2C2|FF3F3F|020202|FFFFFF|FF3F3F|020202|FFFFFF|FF3F3F|020202|191919|8589FF|020202|FFFFFF|8589FF|020202|FFFFFF|AAA7CB|020202|B4BFCD|AAA7CB|020202|B4BFCD|020202|020202|020202|FFFFFF|020202|FFFFFF|020202|020202|020202|020202|020202|020202|FFFFFF|FFFFFF|0|0|0|0|0|0|0|0|0|0|0|0|0|0|0|0|0|0|0|0|0|0|0|0|0|0|0|0|0|0|1|0|0|1|1|0|0|1|1|0|0|0|1|1|0|0|0|0|0|0|0|0|0|0|0|0|0|0|0|0|0|0|0|0|0|undefined|0|0|0|0|0|0|0|0|0|0|0|0|0|0|0|0|0|0|0|0|0|0|0|0|0|0|0|0|0|0|0|0|0|0|0|0|0|0|undefined|undefined|undefined|undefined|undefined|undefined|undefined|undefined|0|0|1|1|0|0|0|1|1|0|0|0|0|0|1|1|0|undefined|undefined|undefined|0|0|0|1|1|0|undefined|undefined|undefined|0|0|1|1|0|0|0|1|1|0|0|0|undefined|undefined|undefined|undefined|undefined|undefined|0|0|1|1|0|0|0|1|1|0|0|0|undefined|undefined|0|0|1|1|0|0|0|1|1|0|undefined|undefined|undefined|undefined|undefined|undefined|undefined|undefined|0|0|0|0|0|0|0|0|0|undefined|undefined|undefined|0|0|0|0|0|0|undefined|undefined|undefined|0|0|0|0|0|0|undefined|undefined|undefined|undefined|undefined|0|0|0|0|0|0|0|0|0|0|0|0|1|1|0|0|0|1|1|0|0|0|1|1|0|0|0|1|1|0|0|0|0|0|0|0|undefined|undefined|undefined|0|0|0|0|0|0|undefined|undefined|undefined|0|0|0|0|0|0|undefined|undefined|undefined|0|0|0|0|0|0|undefined|undefined|undefined|undefined|undefined|0|0|0|0|0

RARITY

Default Boy|2/22|20|Hey! I'm the default boy of Gacha Club.|Lunime|Blue|Rice|USA|Funny|Student|2|1|1|4|1|1|1|0|1|1|1|1|223|48|21|0|0|10|10|17|17|1|1|1|0|0|0|0|0|0|0|0|0|73|17|1|1|60|60|51|51|45|45|0|109|0|0|0|0|0|0|0|0|0|0|0|0|0|0|1|1|0|1|1|1|12|0|1|1|1|1|1|1|2|1|1|1|1|1|1|0|0|74|6|0|0|1|0|1|1|1|1|0|0|0|0|0|0|0|1|1|0|0|0|1|1|0|0|0|1|1|0|0|0|1|1|0|0|0|1|1|0|0|0|1|1|0|0|0|1|1|0|0|0|1|1|0|4|-4|18|20|345|0|0|1|1|0|0|0|1|1|0|0|0|1|1|0|0|0|1|1|0|0|0|1|1|0|0|0|1|1|0|0|0|1|1|0|1|1|0|1|1|0|0|0|1|1|0|0|0|1|1|0|1|2|1|-1|17|15|0|0|1|1|1|1|0|1|1|0|0|1|1|0|1|1|1|1|1|1|1|1|1|1|1|1|1|1|1|1|1|1|0|0|1|1|0|1|0|0|0|1|1|0|0|1|1|0|0|0|0|0|0|0|0|0|0|1|1|1|0|0|0|0|0|0|0|0|0|0|FFE2D4|8A624F|1003C2|0C0295|4638FF|1003C2|0C0295|4638FF|1003C2|0C0295|4638FF|1003C2|0C0295|4638FF|1003C2|0C0295|4638FF|B15482|4638FF|4638FF|020202|020202|4638FF|020202|020202|020202|191919|020202|191919|1604FC|020202|1604FC|020202|191919|020202|ECECEC|4638FF|020202|BBD4FF|8589FF|020202|FF93BC|7F7EA6|020202|8AAEFF|FF8383|FF93BC|FFC2C2|020202|FF8383|020202|FFFFFF|855944|020202|C49067|DEECFF|020202|3A82FF|EBE0FF|020202|8AAEFF|0256C9|020202|8AAEFF|E0E1FF|020202|8ACEFF|6605D9|020202|FFFFFF|8589FF|020202|7807FF|AAA7CB|020202|EEE9FF|AAA7CB|020202|EEE9FF|8589FF|020202|6605D9|8589FF|020202|6605D9|6D72AA|020202|3D3E62|6D72AA|020202|3D3E62|FF3C87|020202|EEE9FF|6605D9|020202|8589FF|FFFFFF|020202|AAA7CB|FFFFFF|020202|AAA7CB|4F03AA|020202|FFF087|4F03AA|020202|FFF087|FFFFFF|020202|6605D9|FFFFFF|020202|6605D9|4638FF|020202|BCBBFF|8589FF|020202|FFFFFF|FF0BD4|020202|8AAEFF|FFFFFF|020202|A487FF|FFFFFF|020202|A487FF|FF3F3F|020202|FFC2C2|FF3F3F|020202|FFFFFF|FF3F3F|020202|FFFFFF|FF3F3F|020202|191919|8589FF|020202|FFFFFF|8589FF|020202|FFFFFF|AAA7CB|020202|B4BFCD|AAA7CB|020202|B4BFCD|020202|020202|020202|FFFFFF|020202|FFFFFF|020202|020202|020202|020202|020202|020202|FFFFFF|FFFFFF


FULLTERSHY

Default Boy|2/22|20|Hey! I'm the default boy of Gacha Club.|Lunime|Blue|Rice|USA|Funny|Student|2|1|1|4|1|1|1|0|1|1|1|1|11|48|22|0|0|10|10|17|17|1|1|1|0|0|0|0|0|0|0|0|0|113|0|2|2|60|60|53|53|47|47|0|117|0|0|0|0|0|0|0|0|0|0|0|0|0|0|1|1|0|1|1|1|12|0|1|1|1|1|1|1|2|1|1|1|1|1|1|0|0|74|6|0|0|1|0|1|1|1|1|0|0|0|0|0|0|0|1|1|0|0|0|1|1|0|0|0|1|1|0|0|0|1|1|0|0|0|1|1|0|0|0|1|1|0|0|0|1|1|0|0|0|1|1|0|4|-4|18|20|345|0|0|1|1|0|0|0|1|1|0|0|0|1|1|0|0|0|1|1|0|0|0|1|1|0|0|0|1|1|0|0|0|1|1|0|1|1|0|1|1|0|0|0|1|1|0|0|0|1|1|0|1|2|-3|1|1|18|0|0|1|1|1|1|0|1|1|0|0|1|1|0|1|1|1|1|1|1|1|1|1|1|1|1|1|1|1|1|1|1|0|0|1|1|0|1|0|0|0|1|1|0|0|1|1|0|0|0|0|0|0|0|0|0|0|1|1|1|0|0|0|0|0|0|0|0|0|0|FFE2D4|8A624F|FFBBDC|FF93BC|FF93EC|FFBBDC|FF93BC|FF93EC|FFBBDC|FF93BC|FF93EC|FFBBDC|FF93BC|FF93EC|FFBBDC|FF93BC|FF93EC|B15482|FF93BC|00F582|020202|020202|00F582|020202|020202|020202|191919|020202|191919|FF93EC|020202|FF93EC|020202|191919|020202|ECECEC|4638FF|020202|BBD4FF|8589FF|020202|FF93BC|7F7EA6|020202|8AAEFF|FF8383|FF93BC|FFC2C2|020202|FF8383|020202|FFFFFF|855944|020202|C49067|DEECFF|020202|3A82FF|EBE0FF|020202|8AAEFF|0256C9|020202|8AAEFF|E0E1FF|020202|8ACEFF|3CFF99|020202|FFEB58|8ACEFF|020202|8589FF|AAA7CB|020202|EEE9FF|AAA7CB|020202|EEE9FF|3CFF99|020202|FFEB58|3CFF99|020202|FFEB58|6D72AA|020202|3D3E62|6D72AA|020202|3D3E62|FF3C87|020202|EEE9FF|FF3C87|020202|FFC2C2|FFFFFF|020202|AAA7CB|FFFFFF|020202|AAA7CB|FF93BC|020202|FF93BC|FF93BC|020202|FF93BC|91FFB9|020202|F50655|91FFB9|020202|F50655|4638FF|020202|BCBBFF|8589FF|020202|FFFFFF|FF0BD4|020202|8AAEFF|FFFFFF|020202|A487FF|FFFFFF|020202|A487FF|FF3F3F|020202|FFC2C2|FF3F3F|020202|FFFFFF|FF3F3F|020202|FFFFFF|FF3F3F|020202|191919|8589FF|020202|FFFFFF|8589FF|020202|FFFFFF|AAA7CB|020202|B4BFCD|AAA7CB|020202|B4BFCD|020202|020202|020202|FFFFFF|020202|FFFFFF|020202|020202|020202|020202|020202|020202|FFFFFF|FFFFFF

Flash Sentry

Default Boy|2/22|20|Hey! I'm the default boy of Gacha Club.|Lunime|Blue|Rice|USA|Funny|Student|2|1|1|4|1|1|1|0|1|0|1|1|0|194|0|0|0|14|14|17|17|129|129|39|0|0|0|0|0|0|0|0|0|151|101|13|13|4|4|51|51|113|113|32|102|16|16|0|0|0|0|10|0|0|0|0|0|0|0|1|1|0|1|1|1|11|0|1|1|1|1|1|28|29|1|1|1|284|1|1|0|0|32|6|0|0|1|0|1|1|1|1|0|0|0|0|0|0|0|1|1|0|0|0|1|1|0|-4|0|1|1|0|-2|0|1|1|0|0|7|1|1|0|0|7|1|1|0|0|0|1|1|0|0|0|1|1|0|0|0|1|1|0|0|0|1|1|0|0|0|1|1|0|0|0|1|1|0|0|0|1|1|0|0|0|1|1|0|0|0|1|1|0|0|0|1|1|0|1|1|0|1|1|0|0|0|1|1|0|0|0|1|1|0|1|1|1|1|1|1|0|0|1|1|1|1|0|1|1|0|0|1|1|0|1|1|1|1|1|1|1|1|1|1|1|1|1|1|1|0|1|1|0|0|1|1|0|1|0|0|0|1|1|0|0|1|1|0|0|0|0|0|0|0|0|0|0|1|1|1|0|0|0|0|0|0|0|0|0|0|FFE2D4|8A624F|1003C2|08016D|3A82FF|1003C2|08016D|3A82FF|1003C2|08016D|3A82FF|1003C2|08016D|3A82FF|1003C2|08016D|3A82FF|B15482|4638FF|020202|020202|020202|020202|020202|020202|036AF7|3A82FF|036AF7|3A82FF|036AF7|1604FC|036AF7|1604FC|191919|020202|ECECEC|4638FF|020202|BBD4FF|3FC4FF|020202|3A82FF|7F7EA6|020202|8AAEFF|FF8383|8589FF|FFC2C2|020202|FF8383|020202|FFFFFF|FFFFFF|020202|8AAEFF|DEECFF|020202|3A82FF|EBE0FF|020202|8AAEFF|0256C9|020202|8AAEFF|E0E1FF|020202|8ACEFF|1003C2|191919|3A82FF|191919|020202|0256C9|AAA7CB|020202|EEE9FF|AAA7CB|020202|EEE9FF|191919|020202|036AF7|191919|020202|036AF7|4177A6|020202|5A8095|4177A6|020202|5A8095|191919|020202|B4BFCD|FFFC02|020202|B8B8B8|191919|020202|036AF7|191919|020202|036AF7|BF0000|020202|ECECEC|BF0000|020202|ECECEC|E2E000|020202|3A82FF|E2E000|020202|3A82FF|4638FF|020202|BCBBFF|191919|020202|FF760B|B8B700|020202|01449F|FFFFFF|020202|A487FF|FFFFFF|020202|A487FF|FF3F3F|020202|FFC2C2|191919|020202|D94A05|191919|020202|D94A05|FF3F3F|020202|191919|8589FF|020202|FFFFFF|8589FF|020202|FFFFFF|AAA7CB|020202|B4BFCD|AAA7CB|020202|B4BFCD|020202|020202|020202|FFFFFF|020202|FFFFFF|020202|020202|020202|020202|020202|020202|FFFFFF|FFFFFF|0|0|0|0|0|0|0|0|0|0|0|0|0|0|0|0|0|0|0|0|0|0|0|0|0|0|0|0|0|0|0|0|0|0|0|0|0|0|0|0|0|0|0|0|0|0|0|0|0|0|0|0|0|0|0|0|0|0|0|0|0|0|0|0|0|undefined|0|0|0|0|0|0|0|0|0|0|0|0|0|0|0|0|0|0|0|0|0|0|0|0|0|0|0|0|0|0|0|0|1|0|0|0|0|0|1003C2|08016D|3A82FF|undefined|1003C2|08016D|3A82FF|undefined|0|0|0|0|0|0|0|0|0|0|0|0|0|0|0|0|0|1003C2|08016D|3A82FF|0|0|0|0|0|0|1003C2|08016D|3A82FF|0|0|0|0|0|0|0|0|0|0|0|0|undefined|undefined|undefined|undefined|undefined|undefined|0|0|0|0|0|0|0|0|0|0|0|0|undefined|undefined|0|0|0|0|0|0|0|0|0|0|undefined|undefined|undefined|undefined|undefined|undefined|undefined|undefined|0|0|0|0|0|0|0|0|0|undefined|undefined|undefined|0|0|0|0|0|0|undefined|undefined|undefined|0|0|0|0|0|0|1003C2|08016D|3A82FF|undefined|undefined|0|0|0|0|0|0|0|0|0|0|0|0|0|0|0|0|0|0|0|0|0|0|0|0|0|0|0|0|0|0|0|0|0|0|0|0|undefined|undefined|undefined|0|0|0|0|0|0|undefined|undefined|undefined|0|0|0|0|0|0|undefined|undefined|undefined|0|0|0|0|0|0|undefined|undefined|undefined|FFFC02|FFFC02|0|0|0|0|0

Starlight

Default Boy|2/22|20|Hey! I'm the default boy of Gacha Club.|Lunime|Blue|Rice|USA|Funny|Student|2|1|1|4|1|1|1|0|1|0|1|1|379|19|53|0|0|10|10|17|17|129|129|1|0|0|0|0|122|0|0|0|0|133|95|2|2|65|65|51|51|139|139|125|0|0|0|0|0|0|0|0|0|0|0|0|0|0|0|1|1|0|1|1|1|12|0|1|1|1|1|1|1|2|1|1|1|1|1|1|0|0|0|6|0|0|1|0|1|1|1|1|0|0|0|0|0|0|0|1|1|0|0|0|1|1|0|0|0|1|1|0|0|0|1|1|0|0|0|1|1|0|0|0|1|1|0|0|0|1|1|0|0|0|1|1|0|0|0|1|1|0|0|0|1|1|0|0|0|1|1|0|0|0|1|1|0|0|0|1|1|0|0|0|1|1|0|0|0|1|1|0|0|0|1|1|0|1|1|0|1|1|0|0|0|1|1|0|0|0|1|1|0|1|2|0|0|1|1|0|0|1|1|0|1|0|1|1|0|0|1|1|0|1|1|1|1|1|1|1|1|1|1|1|1|1|1|1|0|1|1|0|0|1|1|0|1|0|0|0|1|1|0|0|1|1|0|0|0|0|0|0|0|0|0|0|1|1|1|0|0|0|0|0|0|0|0|0|0|FFE2D4|8A624F|24014F|24014F|4F03AA|24014F|24014F|4F03AA|24014F|24014F|4F03AA|24014F|24014F|4F03AA|24014F|24014F|4F03AA|B15482|3CFFF9|020202|020202|020202|020202|020202|020202|FF0BD4|C908A7|FF0BD4|C908A7|3A027E|020202|3A027E|020202|191919|020202|ECECEC|4638FF|020202|BBD4FF|8589FF|020202|FF93BC|7F7EA6|020202|8AAEFF|FF8383|8589FF|FFC2C2|020202|FF8383|020202|FFFFFF|FF48DF|020202|C908A7|DEECFF|020202|3A82FF|EBE0FF|020202|8AAEFF|0256C9|020202|8AAEFF|E0E1FF|020202|8ACEFF|3CFFF9|020202|00BDB7|191919|020202|C908A7|AAA7CB|020202|EEE9FF|AAA7CB|020202|EEE9FF|01ECE5|020202|00BDB7|01ECE5|020202|00BDB7|191919|020202|191919|191919|020202|191919|191919|020202|3A027E|24014F|020202|A10686|FFFFFF|020202|AAA7CB|FFFFFF|020202|AAA7CB|14002C|020202|006461|14002C|020202|006461|01ECE5|020202|3A027E|01ECE5|020202|3A027E|4638FF|020202|BCBBFF|8589FF|020202|FFFFFF|FF0BD4|020202|8AAEFF|FFFFFF|020202|A487FF|FFFFFF|020202|A487FF|FF3F3F|020202|FFC2C2|FF3F3F|020202|FFFFFF|FF3F3F|020202|FFFFFF|FF3F3F|020202|191919|8589FF|020202|FFFFFF|8589FF|020202|FFFFFF|AAA7CB|020202|B4BFCD|AAA7CB|020202|B4BFCD|020202|020202|020202|FFFFFF|020202|FFFFFF|020202|020202|020202|020202|020202|020202|FFFFFF|FFFFFF|0|0|0|0|0|0|0|0|0|0|0|0|0|0|0|0|0|0|0|0|0|0|0|0|0|0|0|0|0|0|1|0|0|0|0|0|0|0|0|0|0|0|0|0|0|0|0|0|0|0|0|0|0|0|0|0|0|0|0|0|0|0|0|0|0|undefined|0|0|0|0|0|0|0|0|0|0|0|0|0|0|0|0|0|0|0|0|0|0|0|0|0|0|0|0|0|0|0|0|0|0|0|0|0|0|24014F|24014F|4F03AA|undefined|24014F|24014F|4F03AA|undefined|0|0|0|0|0|0|0|0|0|0|0|0|0|0|0|0|0|24014F|24014F|4F03AA|0|0|0|0|0|0|24014F|24014F|4F03AA|0|0|0|0|0|0|0|0|0|0|0|0|undefined|undefined|undefined|undefined|undefined|undefined|0|0|0|0|0|0|0|0|0|0|0|0|undefined|undefined|0|0|0|0|0|0|0|0|0|0|undefined|undefined|undefined|undefined|undefined|undefined|undefined|undefined|0|0|0|0|0|0|0|0|0|undefined|undefined|undefined|0|0|0|0|0|0|undefined|undefined|undefined|0|0|0|0|0|0|24014F|24014F|4F03AA|undefined|undefined|0|0|0|0|0|0|0|0|0|0|0|0|0|0|0|0|0|0|0|0|0|0|0|0|0|0|0|0|0|0|0|0|0|0|0|0|undefined|undefined|undefined|0|0|0|0|0|0|undefined|undefined|undefined|0|0|0|0|0|0|undefined|undefined|undefined|0|0|0|0|0|0|undefined|undefined|undefined|undefined|undefined|0|0|0|0|0

Trixie

Default Boy|2/22|20|Hey! I'm the default boy of Gacha Club.|Lunime|Blue|Rice|USA|Funny|Student|2|1|1|4|1|1|1|0|1|0|1|1|379|19|53|0|0|10|10|17|17|129|129|1|0|0|0|0|43|0|0|0|0|133|0|15|15|0|0|52|52|139|139|125|3|0|0|0|0|3|0|0|0|0|0|1|1|0|0|1|1|0|1|1|1|12|0|1|1|1|1|1|1|2|1|1|1|1|1|1|0|0|0|6|0|0|1|0|1|1|1|1|0|0|0|0|0|0|0|1|1|0|0|0|1|1|0|0|0|1|1|0|0|0|1|1|0|0|0|1|1|0|0|0|1|1|0|0|0|1|1|0|0|0|1|1|0|0|0|1|1|0|0|0|1|1|0|0|0|1|1|0|0|0|1|1|0|0|0|1|1|0|0|0|1|1|0|0|0|1|1|0|0|0|1|1|0|1|1|0|1|1|0|0|0|1|1|0|0|0|1|1|0|1|2|0|-10|1|1|0|0|1|1|0|1|0|1|1|0|0|1|1|0|1|1|1|1|1|1|1|1|1|1|1|1|1|1|1|0|1|1|0|0|1|1|0|1|0|0|0|1|1|0|0|1|1|0|0|0|0|0|0|0|0|0|0|1|1|1|0|0|0|0|0|0|0|0|0|0|FFE2D4|8A624F|E0F4FF|E0FFFE|8ACEFF|E0F4FF|E0FFFE|8ACEFF|E0F4FF|E0FFFE|8ACEFF|E0F4FF|E0FFFE|8ACEFF|E0F4FF|E0FFFE|8ACEFF|B15482|8ACEFF|020202|020202|020202|020202|020202|020202|FF0BD4|FF93EC|FF0BD4|FF93EC|C2FDFF|E0FFFE|C2FDFF|E0FFFE|191919|020202|ECECEC|4638FF|020202|BBD4FF|8589FF|020202|FF93BC|7F7EA6|020202|8AAEFF|FF8383|8589FF|FFC2C2|020202|FF8383|020202|FFFFFF|770463|020202|A10686|DEECFF|020202|3A82FF|EBE0FF|020202|8AAEFF|0256C9|020202|8AAEFF|E0E1FF|020202|8ACEFF|0256C9|020202|003274|191919|020202|FFFC02|770463|020202|A10686|770463|020202|A10686|01449F|020202|003274|01449F|020202|003274|003274|020202|0256C9|003274|020202|0256C9|E2E000|020202|FFFC02|003274|020202|00BDB7|FFFFFF|020202|AAA7CB|FFFFFF|020202|AAA7CB|FFEB58|020202|3FC4FF|FFEB58|020202|3FC4FF|00224F|020202|0256C9|00224F|020202|0256C9|770463|020202|A10686|8589FF|020202|FFFFFF|FF0BD4|020202|8AAEFF|FFFFFF|020202|A487FF|FFFFFF|020202|A487FF|FF3F3F|020202|FFC2C2|FF3F3F|020202|FFFFFF|FF3F3F|020202|FFFFFF|FF3F3F|020202|191919|8589FF|020202|FFFFFF|8589FF|020202|FFFFFF|AAA7CB|020202|B4BFCD|AAA7CB|020202|B4BFCD|020202|020202|020202|FFFFFF|020202|FFFFFF|020202|020202|020202|020202|020202|020202|FFFFFF|FFFFFF|0|0|0|0|0|0|0|0|0|0|0|-6|0|0|0|0|0|0|0|0|0|0|0|0|0|0|0|0|0|0|1|0|0|0|0|0|0|0|0|0|0|0|0|0|0|0|0|0|0|0|0|0|0|0|0|0|0|0|0|0|0|0|0|0|0|undefined|0|0|0|0|0|0|0|0|0|0|0|0|0|0|0|0|0|0|0|0|0|0|0|0|0|0|0|0|0|0|0|0|0|0|0|0|0|0|E0F4FF|E0FFFE|8ACEFF|undefined|E0F4FF|E0FFFE|8ACEFF|undefined|0|0|0|0|0|0|0|0|0|0|0|0|0|0|0|0|0|E0F4FF|E0FFFE|8ACEFF|0|0|0|0|0|0|E0F4FF|E0FFFE|8ACEFF|0|0|0|0|0|0|0|0|0|0|0|0|undefined|undefined|undefined|undefined|undefined|undefined|0|0|0|0|0|0|0|0|0|0|0|0|undefined|undefined|0|0|0|0|0|0|0|0|0|0|undefined|undefined|undefined|undefined|undefined|undefined|undefined|undefined|0|0|0|0|0|0|0|0|0|undefined|undefined|undefined|0|0|0|0|0|0|undefined|undefined|undefined|0|0|0|0|0|0|E0F4FF|E0FFFE|8ACEFF|undefined|undefined|0|0|0|0|0|0|0|0|0|0|0|0|0|0|0|0|0|0|0|0|0|0|0|0|0|0|0|0|0|0|0|0|0|0|0|0|undefined|undefined|undefined|0|0|0|0|0|0|undefined|undefined|undefined|0|0|0|0|0|0|undefined|undefined|undefined|0|0|0|0|0|0|undefined|undefined|undefined|undefined|undefined|0|0|0|0|0

-------------------------------------------------------------------------------------------------------------------------------------------
my friend Zandi

Default Boy|2/22|20|Hey! I'm the default boy of Gacha Club.|Lunime|Blue|Rice|USA|Funny|Student|2|1|1|4|1|1|1|0|1|1|1|1|0|168|0|0|0|1|1|1|1|1|1|1|43|0|0|0|12|0|0|0|0|151|0|12|12|28|28|3|3|113|113|0|0|0|0|0|0|0|0|0|0|0|7|0|0|0|0|1|1|0|1|1|1|0|0|1|1|1|1|1|1|2|1|1|1|1|1|1|0|0|0|6|0|0|1|0|1|1|1|1|0|0|0|0|0|0|0|1|1|0|0|0|1|1|0|0|0|1|1|0|0|0|1|1|0|0|0|1|1|0|0|0|1|1|0|0|0|1|1|0|0|0|1|1|0|0|0|1|1|0|0|0|1|1|0|0|0|1|1|0|0|0|1|1|0|0|0|1|1|0|0|0|1|1|0|0|0|1|1|0|0|0|1|1|0|1|1|0|1|1|0|0|0|1|1|0|0|0|1|1|0|1|1|1|1|1|1|0|0|1|1|1|1|0|1|1|0|0|1|1|0|1|1|1|1|1|1|1|1|1|1|1|1|1|1|1|1|1|1|0|0|1|1|0|1|0|0|0|1|1|0|0|1|1|0|0|0|0|0|0|0|0|0|0|1|1|1|0|0|0|0|0|0|0|0|0|0|FFE2D4|8A624F|191919|333333|020202|191919|333333|020202|191919|333333|020202|191919|333333|020202|191919|333333|020202|B15482|FFC2C2|8A624F|020202|020202|8A624F|020202|020202|020202|020202|020202|020202|8A624F|020202|8A624F|020202|191919|020202|ECECEC|4638FF|020202|BBD4FF|8589FF|020202|FF93BC|7F7EA6|020202|8AAEFF|FF8383|8589FF|FFC2C2|020202|FF8383|020202|FFFFFF|FFEB58|020202|FFFC02|DEECFF|020202|3A82FF|EBE0FF|020202|8AAEFF|0256C9|020202|8AAEFF|E0E1FF|020202|8ACEFF|F3A050|020202|FF3F3F|191919|020202|4638FF|AAA7CB|020202|EEE9FF|AAA7CB|020202|EEE9FF|F3A050|020202|FF3F3F|F3A050|020202|FF3F3F|191919|020202|333333|191919|020202|333333|191919|020202|B4BFCD|191919|020202|B8B8B8|FFFFFF|020202|AAA7CB|FFFFFF|020202|AAA7CB|FF0000|020202|DEECFF|FF0000|020202|DEECFF|7B7B7B|020202|333333|7B7B7B|020202|333333|4638FF|020202|BCBBFF|8589FF|020202|FFFFFF|A487FF|020202|8AAEFF|FFFFFF|020202|A487FF|FFFFFF|020202|A487FF|191919|020202|D4D4D4|FF3F3F|020202|FFFFFF|FF3F3F|020202|FFFFFF|FF3F3F|020202|191919|8589FF|020202|FFFFFF|8589FF|020202|FFFFFF|AAA7CB|020202|B4BFCD|AAA7CB|020202|B4BFCD|020202|020202|020202|FFFFFF|020202|FFFFFF|020202|020202|020202|020202|020202|020202|FFFFFF|FFFFFF

v 

Default Boy|2/22|20|Hey! I'm the default boy of Gacha Club.|Lunime|Blue|Rice|USA|Funny|Student|2|1|1|4|1|1|1|0|1|1|1|1|77|84|0|0|21|10|10|1|1|53|53|1|0|0|0|0|0|64|0|0|0|73|11|48|48|53|53|122|122|119|119|0|0|0|0|0|0|0|0|0|0|0|77|0|0|0|0|1|1|0|1|1|1|12|18|1|1|1|1|1|1|2|1|1|1|1|1|1|0|0|52|6|0|0|1|0|1|1|1|1|0|0|0|0|0|0|0|1|1|0|0|0|1|1|0|0|0|1|1|0|0|0|1|1|0|0|0|1|1|0|0|0|1|1|0|0|0|1|1|0|0|0|1|1|0|0|0|1|1|0|0|0|1|1|0|0|0|1|1|0|0|0|1|1|0|0|0|1|1|0|0|0|1|1|0|0|0|1|1|0|0|0|1|1|0|1|1|0|1|1|0|0|0|1|1|0|0|0|1|1|0|1|1|1|1|1|1|0|0|1|1|1|1|0|1|1|0|0|1|1|0|1|1|1|1|1|1|1|1|1|1|1|1|1|1|1|0|1|1|0|0|1|1|0|1|0|0|0|1|1|0|0|1|1|0|0|0|0|0|0|0|0|0|0|1|1|1|0|0|0|0|0|0|0|0|0|0|FFFFFF|B8B8B8|ECECEC|989898|B8B8B8|ECECEC|989898|B8B8B8|ECECEC|989898|B8B8B8|ECECEC|989898|B8B8B8|ECECEC|989898|B8B8B8|B15482|989898|FFFC02|020202|191919|FFFC02|020202|191919|FFEB58|FFEB58|FFEB58|FFEB58|8A624F|020202|8A624F|020202|191919|020202|ECECEC|4638FF|020202|BBD4FF|8589FF|020202|FF93BC|7F7EA6|020202|8AAEFF|FF8383|E2E000|FFC2C2|020202|FF8383|020202|FFFFFF|FFFFFF|020202|8AAEFF|333333|020202|FFFC02|EBE0FF|020202|8AAEFF|0256C9|020202|8AAEFF|E0E1FF|020202|8ACEFF|333333|020202|FFEB58|191919|020202|FFEB58|AAA7CB|020202|EEE9FF|AAA7CB|020202|EEE9FF|333333|020202|FFEB58|333333|020202|FFEB58|333333|020202|FFEB58|333333|020202|FFEB58|191919|020202|B4BFCD|191919|020202|B8B8B8|FFFFFF|020202|AAA7CB|FFFFFF|020202|AAA7CB|191919|020202|FFEB58|191919|020202|FFEB58|333333|020202|FFFC02|333333|020202|FFFC02|4638FF|020202|BCBBFF|8589FF|020202|FFFFFF|A487FF|020202|8AAEFF|FFFFFF|020202|A487FF|FFFFFF|020202|A487FF|333333|020202|FFFC02|FF3F3F|020202|FFFFFF|FF3F3F|020202|FFFFFF|FF3F3F|020202|191919|8589FF|020202|FFFFFF|8589FF|020202|FFFFFF|AAA7CB|020202|B4BFCD|AAA7CB|020202|B4BFCD|020202|020202|020202|FFFFFF|020202|FFFFFF|020202|020202|020202|020202|020202|020202|020202|020202|0|0|0|0|0|0|0|0|0|0|0|0|0|0|0|0|0|0|0|0|0|0|0|0|0|0|0|0|0|0|0|0|0|0|0|0|0|0|0|0|0|0|0|0|0|0|0|0|0|0|0|0|0|0|0|0|0|0|0|0|0|0|0|0|0|undefined|0|0|0|0|0|0|0|0|0|0|0|0|0|0|0|0|0|0|0|0|0|0|0|0|0|0|0|0|0|0|0|0|0|0|0

shonatabeata

Default Boy|2/22|20|Hey! I'm the default boy of Gacha Club.|Lunime|Blue|Rice|USA|Funny|Student|2|1|1|4|1|1|608|0|1|0|1|1|59|48|11|0|19|10|10|17|17|1|1|1|0|0|0|0|0|0|0|0|0|80|0|45|45|47|47|158|158|113|113|181|0|1|1|17|17|0|0|0|0|0|7|0|0|0|0|1|1|0|1|1|1|11|3|1|1|1|1|1|28|40|1|1|1|1|1|1|0|0|1|6|0|0|1|0|1|1|1|1|0|0|0|0|0|0|0|1|1|0|0|0|1|1|0|0|0|1|1|0|0|0|1|1|0|0|0|1|1|0|0|0|1|1|0|0|0|1|1|0|0|0|1|1|0|0|0|1|1|0|0|0|1|1|0|0|0|1|1|0|0|0|1|1|0|0|0|1|1|0|0|0|1|1|0|0|0|1|1|0|0|0|1|1|0|1|1|0|1|1|0|0|0|1|1|0|0|0|1|1|0|1|1|1|1|1|1|0|0|1|1|1|1|0|1|1|0|0|1|1|0|1|1|1|1|1|1|1|1|1|1|1|1|1|1|1|1|1|1|0|0|1|1|0|1|0|0|0|1|1|0|0|1|1|0|0|0|0|0|0|0|0|0|0|1|1|1|0|0|0|0|0|0|0|0|0|0|FFE2D4|8A624F|FFEB58|020202|FFFC02|FFEB58|020202|FFFFFF|FFEB58|020202|FFFC02|FFFC02|020202|FFEB58|FFEB58|020202|FFFFFF|B15482|FFFFFF|02D00A|020202|020202|02D00A|020202|020202|020202|020202|020202|020202|FFEB58|020202|FFEB58|020202|191919|020202|ECECEC|4638FF|020202|BBD4FF|8589FF|020202|FF93BC|7F7EA6|020202|8AAEFF|FF3F3F|8589FF|FFC2C2|020202|FF8383|020202|FFFFFF|FFFFFF|020202|8AAEFF|DEECFF|020202|3A82FF|EBE0FF|020202|8AAEFF|0256C9|020202|8AAEFF|E0E1FF|020202|8ACEFF|770463|020202|C908A7|191919|020202|4638FF|AAA7CB|020202|EEE9FF|AAA7CB|020202|EEE9FF|A10686|020202|C908A7|A10686|020202|C908A7|57598C|020202|3D3E62|57598C|020202|3D3E62|191919|020202|B4BFCD|191919|020202|B8B8B8|FFFFFF|020202|E2E000|FFFFFF|020202|E2E000|1003C2|020202|ECECEC|1003C2|020202|ECECEC|FFFFFF|020202|3A82FF|FFFFFF|020202|3A82FF|4638FF|020202|BCBBFF|8589FF|020202|FFFFFF|A487FF|020202|8AAEFF|FFFFFF|020202|A487FF|FFFFFF|020202|A487FF|FFEB58|020202|FFFFFF|FF3F3F|020202|FFFFFF|FF3F3F|020202|FFFFFF|FF3F3F|020202|191919|FFFFFF|020202|E2E000|FFFFFF|020202|E2E000|AAA7CB|020202|B4BFCD|AAA7CB|020202|B4BFCD|020202|020202|020202|FFFFFF|020202|FFFFFF|020202|020202|020202|020202|020202|020202|FFFFFF|FFFFFF


ANOS VOLDIGOAD

Default Boy|2/22|20|Hey! I'm the default boy of Gacha Club.|Lunime|Blue|Rice|USA|Funny|Student|2|1|1|4|1|1|608|0|2|0|1|1|198|137|0|0|0|14|14|2|2|47|47|3|0|0|0|0|0|0|0|0|0|7|28|13|13|34|34|3|3|79|79|32|102|16|16|0|0|0|170|0|0|0|0|0|0|0|0|1|1|0|1|1|1|12|0|1|1|1|1|1|28|22|1|1|1|1|1|1|0|0|0|6|0|0|1|0|1|1|1|1|0|0|0|0|0|0|0|1|1|0|0|0|1|1|0|0|0|1|1|0|0|0|1|1|0|0|13|1|1|0|0|13|1|1|0|0|0|1|1|0|0|0|1|1|0|0|0|1|1|0|0|0|1|1|0|0|0|1|1|0|0|0|1|1|0|0|0|1|1|0|0|0|1|1|0|0|0|1|1|0|0|0|1|1|0|1|1|0|1|1|0|0|0|1|1|0|0|0|1|1|0|1|1|1|1|1|1|0|0|1|1|1|1|0|1|1|0|0|1|1|0|1|1|1|1|1|1|1|1|1|1|1|1|1|1|1|1|1|1|0|0|1|1|0|1|0|0|0|1|1|0|0|1|1|0|0|0|0|0|0|0|0|0|0|1|1|1|0|0|0|0|0|0|0|0|0|0|FFE2D4|8A624F|191919|191919|020202|191919|191919|020202|8A6E5E|3A1F17|694F43|8A6E5E|3A1F17|694F43|8A6E5E|3A1F17|694F43|B15482|191919|020202|020202|020202|020202|020202|020202|FF0000|9F0000|FF0000|9F0000|020202|020202|020202|020202|191919|020202|ECECEC|4638FF|020202|BBD4FF|8589FF|020202|FF93BC|7F7EA6|020202|8AAEFF|FF8383|8589FF|FFC2C2|020202|FF8383|020202|FFFFFF|FFFFFF|020202|8AAEFF|DEECFF|020202|3A82FF|EBE0FF|020202|8AAEFF|0256C9|020202|8AAEFF|E0E1FF|020202|8ACEFF|020202|020202|4638FF|FFFFFF|020202|4638FF|AAA7CB|020202|EEE9FF|AAA7CB|020202|EEE9FF|FFFFFF|020202|4638FF|FFFFFF|020202|4638FF|ECECEC|020202|ECECEC|ECECEC|020202|ECECEC|191919|020202|D4D4D4|FF0000|020202|B8B8B8|191919|020202|FFFFFF|191919|020202|FFFFFF|ECECEC|020202|D4D4D4|ECECEC|020202|D4D4D4|FFFFFF|020202|3A82FF|FFFFFF|020202|3A82FF|4638FF|020202|BCBBFF|ECECEC|020202|4638FF|333333|020202|01449F|FFFFFF|020202|A487FF|FFFFFF|020202|A487FF|FF3F3F|020202|FFC2C2|FF3F3F|020202|FFFFFF|FF3F3F|020202|FFFFFF|FF3F3F|020202|191919|8589FF|020202|FFFFFF|8589FF|020202|FFFFFF|AAA7CB|020202|B4BFCD|AAA7CB|020202|B4BFCD|020202|020202|020202|FFFFFF|020202|FFFFFF|020202|020202|020202|020202|020202|020202|FFFFFF|FFFFFF

ANOS VOLDIGOAD powerfull

Default Boy|2/22|20|Hey! I'm the default boy of Gacha Club.|Lunime|Blue|Rice|USA|Funny|Student|2|1|1|4|1|1|608|0|1|0|1|1|198|137|0|0|0|14|14|1|1|47|47|3|0|0|0|0|0|0|0|0|0|132|4|69|69|34|34|3|3|1|1|0|32|3|3|0|0|0|80|0|0|0|0|3|3|0|0|1|1|0|1|1|1|0|0|1|1|1|1|1|28|3|1|1|1|1|1|1|0|0|0|6|0|0|1|0|1|1|1|1|0|0|0|0|0|0|0|1|1|0|0|0|1|1|0|0|0|1|1|0|0|0|1|1|0|0|0|1|1|0|0|0|1|1|0|0|0|1|1|0|0|0|1|1|0|0|0|1|1|0|0|0|1|1|0|0|0|1|1|0|0|0|1|1|0|0|0|1|1|0|0|0|1|1|0|0|0|1|1|0|0|0|1|1|0|1|1|0|1|1|0|0|0|1|1|0|0|0|1|1|0|1|1|1|1|1|1|0|0|1|1|1|1|0|1|1|0|0|1|1|0|1|1|1|1|1|1|1|1|1|1|1|1|1|1|1|1|1|1|0|0|1|1|0|1|0|0|0|1|1|0|0|1|1|0|0|0|0|0|0|0|0|0|0|1|1|1|0|0|0|0|0|0|0|0|0|0|FFE2D4|8A624F|191919|191919|020202|191919|191919|020202|8A6E5E|3A1F17|694F43|8A6E5E|3A1F17|694F43|8A6E5E|3A1F17|694F43|B15482|191919|020202|FFFFFF|020202|020202|FFFFFF|020202|FF0000|BF0000|FF0000|BF0000|8A624F|020202|8A624F|020202|191919|020202|ECECEC|4638FF|020202|BBD4FF|8589FF|020202|FF93BC|7F7EA6|020202|8AAEFF|FF8383|8589FF|FFC2C2|020202|FF8383|020202|FFFFFF|FFFFFF|020202|8AAEFF|DEECFF|020202|3A82FF|EBE0FF|020202|8AAEFF|0256C9|020202|8AAEFF|E0E1FF|020202|8ACEFF|191919|191919|191919|191919|020202|989898|989898|020202|B8B8B8|989898|020202|B8B8B8|191919|020202|989898|191919|020202|989898|191919|020202|020202|191919|020202|020202|191919|020202|B4BFCD|191919|020202|B8B8B8|191919|020202|191919|191919|020202|191919|191919|020202|585858|191919|020202|585858|FFFFFF|020202|3A82FF|FFFFFF|020202|3A82FF|4638FF|020202|BCBBFF|BF0000|020202|FF0000|A487FF|020202|8AAEFF|FFFFFF|020202|A487FF|FFFFFF|020202|A487FF|FF3F3F|020202|FFC2C2|FF3F3F|020202|FFFFFF|FF3F3F|020202|FFFFFF|FF3F3F|020202|191919|8589FF|020202|FFFFFF|8589FF|020202|FFFFFF|AAA7CB|020202|B4BFCD|AAA7CB|020202|B4BFCD|020202|020202|020202|FFFFFF|020202|FFFFFF|020202|020202|020202|020202|020202|020202|FFFFFF|FFFFFF




--------------------------------------------------------------------------------

nagatoro

Default Boy|2/22|20|Hey! I'm the default boy of Gacha Club.|Lunime|Blue|Rice|USA|Funny|Student|2|1|1|4|1|1|1|0|1|1|1|1|54|19|21|0|0|10|10|1|1|120|120|1|0|0|0|0|0|0|0|0|0|9|0|2|2|0|0|0|0|39|39|39|0|0|0|0|0|0|0|0|0|0|0|0|0|0|0|1|1|0|1|1|1|12|0|1|1|1|1|1|1|2|1|1|1|1|1|1|0|0|1|6|0|0|1|0|1|1|1|1|0|0|0|0|0|0|0|1|1|0|0|0|1|1|0|0|0|1|1|0|0|0|1|1|0|0|0|1|1|0|0|0|1|1|0|0|0|1|1|0|0|0|1|1|0|0|0|1|1|0|0|0|1|1|0|0|0|1|1|0|0|0|1|1|0|0|0|1|1|0|0|0|1|1|0|0|0|1|1|0|0|0|1|1|0|1|1|0|1|1|0|0|0|1|1|0|0|0|1|1|0|1|1|1|1|1|1|0|0|1|1|1|1|0|1|1|0|0|1|1|0|1|1|1|1|1|1|1|1|1|1|1|1|1|1|1|0|1|1|0|0|1|1|0|1|0|0|0|1|1|0|0|1|1|0|0|0|0|0|0|0|0|0|0|1|1|1|0|0|0|0|0|0|0|0|0|0|FFE2D4|8A624F|020202|020202|232535|020202|020202|232535|020202|020202|232535|020202|020202|232535|020202|020202|232535|B15482|191919|855944|020202|020202|855944|020202|020202|855944|27170F|855944|27170F|8A624F|020202|8A624F|020202|191919|020202|ECECEC|4638FF|020202|BBD4FF|8589FF|020202|FF93BC|7F7EA6|020202|8AAEFF|FF8383|8589FF|FFC2C2|020202|FF8383|020202|FFFFFF|FFFFFF|020202|8AAEFF|DEECFF|020202|3A82FF|EBE0FF|020202|8AAEFF|0256C9|020202|8AAEFF|E0E1FF|020202|8ACEFF|FFFFFF|020202|8589FF|191919|020202|4638FF|AAA7CB|020202|EEE9FF|AAA7CB|020202|EEE9FF|FFFFFF|020202|ECECEC|FFFFFF|020202|ECECEC|3D3E62|020202|3D3E62|3D3E62|020202|3D3E62|4638FF|020202|1604FC|191919|020202|B8B8B8|FFFFFF|020202|AAA7CB|FFFFFF|020202|AAA7CB|ECECEC|020202|4638FF|ECECEC|020202|4638FF|FFFFFF|020202|3A82FF|FFFFFF|020202|3A82FF|4638FF|020202|BCBBFF|8589FF|020202|FFFFFF|A487FF|020202|8AAEFF|FFFFFF|020202|A487FF|FFFFFF|020202|A487FF|FF3F3F|020202|FFC2C2|FF3F3F|020202|FFFFFF|FF3F3F|020202|FFFFFF|FF3F3F|020202|191919|8589FF|020202|FFFFFF|8589FF|020202|FFFFFF|AAA7CB|020202|B4BFCD|AAA7CB|020202|B4BFCD|020202|020202|020202|FFFFFF|020202|FFFFFF|020202|020202|020202|020202|020202|020202|FFFFFF|FFFFFF|0|0|0|0|0|0|0|0|0|0|0|0|0|0|0|0|0|0|0|0|0|0|0|0|0|0|0|0|0|0|0|0|0|0|0|0|0|0|0|0|0|0|0|0|0|0|0|0|0|0|0|0|0|0|0|0|0|0|0|0|0|0|0|0|0|undefined|0|0|0|0|0|0|0|0|0|0|0|0|0|0|0|0|0|0|0|0|0|0|0|0|0|0|0|0|0|0|0|0|0|0|0

miruko

Default Boy|2/22|20|Hey! I'm the default boy of Gacha Club.|Lunime|Blue|Rice|USA|Funny|Student|2|1|1|22|1|1|1|0|1|0|1|1|11|56|21|0|0|7|7|9|9|1|1|59|0|0|0|0|121|0|0|0|0|133|0|15|15|34|34|3|3|113|113|0|0|0|0|0|0|0|149|0|0|0|4|0|0|0|0|1|1|0|1|1|1|12|11|1|1|1|1|1|45|46|1|1|1|1|1|1|0|0|0|6|0|0|1|0|1|1|1|1|0|0|0|0|0|0|0|1|1|0|0|0|1|1|0|0|0|1|1|0|0|0|1|1|0|0|0|1|1|0|0|0|1|1|0|0|0|1|1|0|0|0|1|1|0|0|0|1|1|0|0|0|1|1|0|0|0|1|1|0|0|0|1|1|0|0|0|1|1|0|0|0|1|1|0|0|0|1|1|0|0|0|1|1|0|1|1|0|1|1|0|0|0|1|1|0|0|0|1|1|0|1|1|1|1|1|1|0|0|1|1|1|1|0|1|1|0|0|1|1|0|1|1|1|1|1|1|1|1|1|1|1|1|1|1|1|0|1|1|0|0|1|1|0|1|0|0|0|1|1|0|0|1|1|0|0|0|0|0|0|0|0|0|0|1|1|1|0|0|0|0|0|0|0|0|0|0|BB9178|8A624F|FFFFFF|D4D4D4|ECECEC|FFFFFF|D4D4D4|ECECEC|FFFFFF|D4D4D4|ECECEC|FFFFFF|D4D4D4|ECECEC|FFFFFF|D4D4D4|ECECEC|B15482|ECECEC|D94A05|020202|020202|D94A05|020202|020202|191919|020202|191919|020202|FFFFFF|ECECEC|FFFFFF|ECECEC|191919|020202|ECECEC|4638FF|020202|BBD4FF|8589FF|020202|FF93BC|7F7EA6|020202|8AAEFF|FF3F3F|FF760B|FFC2C2|020202|FF8383|020202|FFFFFF|0256C9|020202|4F03AA|DEECFF|020202|3A82FF|EBE0FF|020202|8AAEFF|0256C9|020202|8AAEFF|E0E1FF|020202|8ACEFF|333333|020202|514943|191919|020202|4638FF|AAA7CB|020202|EEE9FF|AAA7CB|020202|EEE9FF|333333|020202|333333|333333|020202|333333|191919|020202|020202|191919|020202|020202|D94A05|020202|FFFFFF|191919|020202|B8B8B8|FFFFFF|020202|ECECEC|FFFFFF|020202|ECECEC|585858|020202|B8B8B8|585858|020202|B8B8B8|FFFFFF|020202|3A82FF|FFFFFF|020202|3A82FF|4638FF|020202|BCBBFF|D00447|020202|510244|A487FF|020202|8AAEFF|FFFFFF|020202|A487FF|FFFFFF|020202|A487FF|ECECEC|020202|FFC2C2|FF3F3F|020202|FFFFFF|FF3F3F|020202|FFFFFF|FF3F3F|020202|191919|8589FF|020202|FFFFFF|8589FF|020202|FFFFFF|AAA7CB|020202|B4BFCD|AAA7CB|020202|B4BFCD|020202|020202|020202|FFFFFF|020202|FFFFFF|020202|020202|020202|020202|020202|020202|FFFFFF|FFFFFF|0|0|0|0|0|0|0|0|0|0|0|0|0|0|0|0|0|0|0|0|0|0|0|0|0|0|0|0|0|0|0|0|0|0|0|0|0|0|0|0|0|0|0|0|0|0|0|0|0|0|0|0|0|0|0|0|0|0|0|0|0|0|0|0|0|undefined|1|0|0|0|0|0|0|0|0|0|0|0|0|0|0|0|0|0|0|0|0|0|0|0|0|0|0|0|0|0|0|0|0|0|0

Kurumi



-----------------------------------------------------------------------------

judy hoops

Default Boy|2/22|20|Hey! I'm the default boy of Gacha Club.|Lunime|Blue|Rice|USA|Funny|Student|2|1|1|4|1|1|1|0|1|0|1|1|93|56|0|0|0|10|10|17|17|1|1|1|0|0|0|0|0|0|0|0|0|133|31|2|2|8|8|3|3|113|113|0|0|0|0|0|0|0|21|0|0|0|0|0|0|0|0|1|1|0|1|1|1|12|11|1|1|1|1|1|1|2|1|1|1|1|1|1|0|0|15|6|0|0|1|0|1|1|1|1|0|0|0|0|0|0|0|1|1|0|0|0|1|1|0|0|0|1|1|0|0|0|1|1|0|0|0|1|1|0|0|0|1|1|0|0|0|1|1|0|0|0|1|1|0|0|0|1|1|0|0|0|1|1|0|0|0|1|1|0|0|0|1|1|0|0|0|1|1|0|0|0|1|1|0|0|0|1|1|0|0|0|1|1|0|1|1|0|1|1|0|0|0|1|1|0|0|0|1|1|0|1|1|1|1|1|1|0|0|1|1|1|1|0|1|1|0|0|1|1|0|1|1|1|1|1|1|1|1|1|1|1|1|1|1|1|0|1|1|0|0|1|1|0|1|0|0|0|1|1|0|0|1|1|0|0|0|0|0|0|0|0|0|0|1|1|1|0|0|0|0|0|0|0|0|0|0|FFE2D4|8A624F|93A1B1|2F3848|2F3848|93A1B1|2F3848|2F3848|93A1B1|2F3848|2F3848|93A1B1|2F3848|2F3848|93A1B1|2F3848|2F3848|B15482|646D7B|C908A7|020202|020202|C908A7|020202|020202|191919|020202|191919|020202|646D7B|020202|646D7B|020202|191919|020202|ECECEC|4638FF|020202|BBD4FF|8589FF|020202|FF93BC|7F7EA6|020202|8AAEFF|FF3F3F|FFFC02|FFC2C2|020202|FF8383|020202|FFFFFF|FFFFFF|020202|8AAEFF|DEECFF|020202|3A82FF|EBE0FF|020202|8AAEFF|0256C9|020202|8AAEFF|E0E1FF|020202|8ACEFF|036AF7|020202|8589FF|191919|020202|4638FF|AAA7CB|020202|EEE9FF|AAA7CB|020202|EEE9FF|036AF7|020202|8589FF|036AF7|020202|8589FF|191919|020202|585858|191919|020202|585858|191919|020202|B4BFCD|191919|020202|B8B8B8|FFFFFF|020202|AAA7CB|FFFFFF|020202|AAA7CB|191919|020202|B8B8B8|191919|020202|B8B8B8|FFFFFF|020202|3A82FF|FFFFFF|020202|3A82FF|4638FF|020202|BCBBFF|8589FF|020202|FFFFFF|A487FF|020202|8AAEFF|FFFFFF|020202|A487FF|FFFFFF|020202|A487FF|FF3F3F|020202|FFC2C2|FF3F3F|020202|FFFFFF|FF3F3F|020202|FFFFFF|FF3F3F|020202|191919|8589FF|020202|FFFFFF|8589FF|020202|FFFFFF|AAA7CB|020202|B4BFCD|AAA7CB|020202|B4BFCD|020202|020202|020202|FFFFFF|020202|FFFFFF|020202|020202|020202|020202|020202|020202|FFFFFF|FFFFFF|0|0|0|0|0|0|0|0|0|0|0|0|0|0|0|0|0|0|0|0|0|0|0|0|0|0|0|0|0|0|0|0|0|0|0|0|0|0|0|0|0|0|0|0|0|0|0|0|0|0|0|0|0|0|0|0|0|0|0|0|0|0|0|0|0|undefined|0|0|0|0|0|0|0|0|0|0|0|0|0|0|0|0|0|0|0|0|0|0|0|0|0|0|0|0|0|0|0|0|0|0|0

lola bunny

Default Boy|2/22|20|Hey! I'm the default boy of Gacha Club.|Lunime|Blue|Rice|USA|Funny|Student|2|1|1|22|1|1|1|0|1|0|1|1|11|56|0|52|0|7|7|17|17|1|1|1|0|0|0|0|0|0|0|0|0|133|0|2|2|24|24|3|3|113|113|0|0|1|1|0|0|0|21|0|0|0|0|0|0|0|0|1|1|0|1|1|1|12|11|1|1|1|1|1|1|2|1|1|1|1|1|1|0|0|0|6|0|0|1|0|1|1|1|1|0|0|0|0|0|0|0|1|1|0|0|0|1|1|0|0|0|1|1|0|0|0|1|1|0|0|0|1|1|0|0|0|1|1|0|0|0|1|1|0|0|0|1|1|0|0|0|1|1|0|0|0|1|1|0|0|0|1|1|0|0|0|1|1|0|0|0|1|1|0|0|0|1|1|0|0|0|1|1|0|0|0|1|1|0|1|1|0|1|1|0|0|0|1|1|0|0|0|1|1|0|1|1|1|1|1|1|0|0|1|1|1|1|0|1|1|0|0|1|1|0|1|1|1|1|1|1|1|1|1|1|1|1|1|1|1|0|1|1|0|0|1|1|0|1|0|0|0|1|1|0|0|1|1|0|0|0|0|0|0|0|0|0|0|1|1|1|0|0|0|0|0|0|0|0|0|0|FFE2D4|8A624F|F0DA72|ECC258|FFF3A1|F0DA72|ECC258|FFF3A1|F0DA72|ECC258|FFF3A1|F0DA72|ECC258|FFF3A1|F0DA72|ECC258|FFF3A1|B15482|ECC258|3A82FF|020202|020202|3A82FF|020202|020202|191919|020202|191919|020202|F3A050|F7D095|F3A050|F7D095|191919|020202|ECECEC|4638FF|020202|BBD4FF|8589FF|020202|FF93BC|7F7EA6|020202|8AAEFF|FF3F3F|FF760B|FFC2C2|020202|FF8383|020202|FFFFFF|FFFFFF|020202|8AAEFF|DEECFF|020202|3A82FF|EBE0FF|020202|8AAEFF|0256C9|020202|8AAEFF|E0E1FF|020202|8ACEFF|036AF7|020202|ECECEC|191919|020202|4638FF|AAA7CB|020202|EEE9FF|AAA7CB|020202|EEE9FF|036AF7|020202|ECECEC|036AF7|020202|ECECEC|ECECEC|020202|3A82FF|ECECEC|020202|3A82FF|D94A05|020202|FFFFFF|191919|020202|B8B8B8|FFFFFF|020202|ECECEC|FFFFFF|020202|ECECEC|ECECEC|020202|036AF7|ECECEC|020202|036AF7|FFFFFF|020202|3A82FF|FFFFFF|020202|3A82FF|4638FF|020202|BCBBFF|8589FF|020202|FFFFFF|A487FF|020202|8AAEFF|FFFFFF|020202|A487FF|FFFFFF|020202|A487FF|FF3F3F|020202|FFC2C2|FF3F3F|020202|FFFFFF|FF3F3F|020202|FFFFFF|FF3F3F|020202|191919|8589FF|020202|FFFFFF|8589FF|020202|FFFFFF|AAA7CB|020202|B4BFCD|AAA7CB|020202|B4BFCD|020202|020202|020202|FFFFFF|020202|FFFFFF|020202|020202|020202|020202|020202|020202|FFFFFF|FFFFFF|0|0|0|0|0|0|0|0|0|0|0|0|0|0|0|0|0|0|0|0|0|0|0|0|0|0|0|0|0|0|0|0|0|0|0|0|0|0|0|0|0|0|0|0|0|0|0|0|0|0|0|0|0|0|0|0|0|0|0|0|0|0|0|0|0|undefined|1|0|0|0|0|0|0|0|0|0|0|0|0|0|0|0|0|0|0|0|0|0|0|0|0|0|0|0|0|0|0|0|0|0|0

cream 

Default Boy|2/22|20|Hey! I'm the default boy of Gacha Club.|Lunime|Blue|Rice|USA|Funny|Student|2|1|1|4|1|1|1|0|1|0|1|1|11|56|93|52|0|10|10|17|17|1|1|1|0|0|0|0|0|0|0|0|0|78|0|2|2|69|69|63|63|115|115|117|0|1|1|0|0|0|21|0|0|0|0|0|0|0|0|1|1|0|1|1|1|12|11|1|1|1|1|1|1|2|1|1|1|1|1|1|0|0|57|6|0|0|1|0|1|1|1|1|0|0|0|0|0|0|0|1|1|0|0|0|1|1|0|0|0|1|1|0|0|0|1|1|0|0|0|1|1|0|0|0|1|1|0|0|0|1|1|0|0|0|1|1|0|0|0|1|1|0|0|0|1|1|0|0|0|1|1|0|0|0|1|1|0|0|0|1|1|0|0|0|1|1|0|0|0|1|1|0|0|0|1|1|0|1|1|0|1|1|0|0|0|1|1|0|0|0|1|1|0|1|1|1|1|1|1|0|0|1|1|1|1|0|1|1|0|0|1|1|0|1|1|1|1|1|1|1|1|1|1|1|1|1|1|1|0|1|1|0|0|1|1|0|1|0|0|0|1|1|0|0|1|1|0|0|0|0|0|0|0|0|0|0|1|1|1|0|0|0|0|0|0|0|0|0|0|FFE2D4|8A624F|F3A050|E28740|F7D095|F3A050|E28740|F7D095|F3A050|E28740|F7D095|F3A050|E28740|F7D095|F3A050|E28740|F7D095|B15482|E28740|B1522F|020202|020202|B1522F|020202|020202|191919|020202|191919|020202|F3A050|F7D095|F3A050|F7D095|191919|020202|ECECEC|4638FF|020202|BBD4FF|8589FF|020202|FF93BC|7F7EA6|020202|8AAEFF|FF3F3F|FFFC02|FFC2C2|020202|FF8383|020202|FFFFFF|FFFFFF|020202|8AAEFF|DEECFF|020202|3A82FF|EBE0FF|020202|8AAEFF|0256C9|020202|8AAEFF|E0E1FF|020202|8ACEFF|FF760B|020202|ECECEC|191919|020202|4638FF|AAA7CB|020202|EEE9FF|AAA7CB|020202|EEE9FF|FF760B|020202|ECECEC|FF760B|020202|ECECEC|191919|020202|585858|191919|020202|585858|D94A05|020202|FFFFFF|191919|020202|B8B8B8|FFFFFF|020202|ECECEC|FFFFFF|020202|ECECEC|FF0000|020202|FFFC02|FF0000|020202|FFFC02|FFFFFF|020202|FF3F3F|FFFFFF|020202|FF3F3F|4638FF|020202|BCBBFF|8589FF|020202|FFFFFF|A487FF|020202|8AAEFF|FFFFFF|020202|A487FF|FFFFFF|020202|A487FF|FF3F3F|020202|FFC2C2|FF3F3F|020202|FFFFFF|FF3F3F|020202|FFFFFF|FF3F3F|020202|191919|8589FF|020202|FFFFFF|8589FF|020202|FFFFFF|AAA7CB|020202|B4BFCD|AAA7CB|020202|B4BFCD|020202|020202|020202|FFFFFF|020202|FFFFFF|020202|020202|020202|020202|020202|020202|FFFFFF|FFFFFF|0|0|0|0|0|0|0|0|0|0|0|0|0|0|0|0|0|0|0|0|0|0|0|0|0|0|0|0|0|0|0|0|0|0|0|0|0|0|0|0|0|0|0|0|0|0|0|0|0|0|0|0|0|0|0|0|0|0|0|0|0|0|0|0|0|undefined|0|0|0|0|0|0|0|0|0|0|0|0|0|0|0|0|0|0|0|0|0|0|0|0|0|0|0|0|0|0|0|0|0|0|0

vanilia

Default Boy|2/22|20|Hey! I'm the default boy of Gacha Club.|Lunime|Blue|Rice|USA|Funny|Student|2|1|1|4|1|1|1|0|1|0|1|1|11|56|21|0|0|10|10|17|17|1|1|1|0|0|0|0|0|0|0|0|0|73|0|2|2|69|69|68|68|115|115|64|0|1|1|0|0|0|21|0|0|0|0|0|0|0|0|1|1|0|1|1|1|12|11|1|1|1|1|1|1|2|1|1|1|1|1|1|0|0|15|6|0|0|1|0|1|1|1|1|0|0|0|0|0|0|0|1|1|0|0|0|1|1|0|0|0|1|1|0|0|0|1|1|0|0|0|1|1|0|0|0|1|1|0|0|0|1|1|0|0|0|1|1|0|0|0|1|1|0|0|0|1|1|0|0|0|1|1|0|0|0|1|1|0|0|0|1|1|0|0|0|1|1|0|0|0|1|1|0|0|0|1|1|0|1|1|0|1|1|0|0|0|1|1|0|0|0|1|1|0|1|1|1|1|1|1|0|0|1|1|1|1|0|1|1|0|0|1|1|0|1|1|1|1|1|1|1|1|1|1|1|1|1|1|1|0|1|1|0|0|1|1|0|1|0|0|0|1|1|0|0|1|1|0|0|0|0|0|0|0|0|0|0|1|1|1|0|0|0|0|0|0|0|0|0|0|FFE2D4|8A624F|FFE4BB|FFBB7B|FFB266|FFE4BB|FFBB7B|FFB266|FFE4BB|FFBB7B|FFB266|FFE4BB|FFBB7B|FFB266|FFE4BB|FFBB7B|FFB266|B15482|E28740|B1522F|020202|020202|B1522F|020202|020202|191919|020202|191919|020202|F3A050|F7D095|F3A050|F7D095|191919|020202|ECECEC|4638FF|020202|BBD4FF|8589FF|020202|FF93BC|7F7EA6|020202|8AAEFF|FF3F3F|FFFC02|FFC2C2|020202|FF8383|020202|FFFFFF|FFFFFF|020202|8AAEFF|DEECFF|020202|3A82FF|EBE0FF|020202|8AAEFF|0256C9|020202|8AAEFF|E0E1FF|020202|8ACEFF|FF3C87|020202|ECECEC|191919|020202|4638FF|AAA7CB|020202|EEE9FF|AAA7CB|020202|EEE9FF|FF3C87|020202|ECECEC|FF3C87|020202|ECECEC|191919|020202|585858|191919|020202|585858|FF48DF|020202|FFFFFF|191919|020202|B8B8B8|FFFFFF|020202|ECECEC|FFFFFF|020202|ECECEC|FF0000|020202|FFFC02|FF0000|020202|FFFC02|FFFFFF|020202|FF3F3F|FFFFFF|020202|FF3F3F|4638FF|020202|BCBBFF|8589FF|020202|FFFFFF|A487FF|020202|8AAEFF|FFFFFF|020202|A487FF|FFFFFF|020202|A487FF|FF3F3F|020202|FFC2C2|FF3F3F|020202|FFFFFF|FF3F3F|020202|FFFFFF|FF3F3F|020202|191919|8589FF|020202|FFFFFF|8589FF|020202|FFFFFF|AAA7CB|020202|B4BFCD|AAA7CB|020202|B4BFCD|020202|020202|020202|FFFFFF|020202|FFFFFF|020202|020202|020202|020202|020202|020202|FFFFFF|FFFFFF|0|0|0|0|0|0|0|0|0|0|0|0|0|0|0|0|0|0|0|0|0|0|0|0|0|0|0|0|0|0|0|0|0|0|0|0|0|0|0|0|0|0|0|0|0|0|0|0|0|0|0|0|0|0|0|0|0|0|0|0|0|0|0|0|0|undefined|0|0|0|0|0|0|0|0|0|0|0|0|0|0|0|0|0|0|0|0|0|0|0|0|0|0|0|0|0|0|0|0|0|0|0


MARINA

Default Boy|2/22|20|Hey! I'm the default boy of Gacha Club.|Lunime|Blue|Rice|USA|Funny|Student|2|1|1|4|1|1|1|0|1|1|1|1|339|267|0|99|0|10|10|17|17|1|1|1|0|0|0|0|0|0|0|0|0|98|22|6|6|23|23|5|5|113|113|0|0|0|0|0|0|0|0|0|0|0|0|0|0|0|0|1|1|0|1|1|1|12|12|1|1|1|1|1|1|2|1|1|1|1|1|1|0|0|0|6|0|0|1|0|1|1|1|1|0|0|0|0|0|0|0|1|1|0|0|0|1|1|0|0|0|1|1|0|0|0|1|1|0|0|0|1|1|0|0|0|1|1|0|0|0|1|1|0|0|0|1|1|0|0|0|1|1|0|0|0|1|1|0|0|0|1|1|0|0|0|1|1|0|0|0|1|1|0|0|0|1|1|0|0|0|1|1|0|0|0|1|1|0|1|1|0|1|1|0|0|0|1|1|0|0|0|1|1|0|1|1|1|1|1|1|0|0|1|1|1|1|0|1|1|0|0|1|1|0|1|1|1|1|1|1|1|1|1|1|1|1|1|1|1|0|1|1|0|0|1|1|0|1|0|0|0|1|1|0|0|1|1|0|0|0|0|0|0|0|0|0|0|1|1|1|0|0|0|0|0|0|0|0|0|0|513121|46291B|04F50D|020202|191919|04F50D|020202|191919|04F50D|020202|191919|04F50D|020202|191919|04F50D|020202|191919|B15482|FFC2C2|00F582|020202|020202|00F582|020202|020202|020202|191919|020202|191919|04F50D|020202|04F50D|020202|191919|020202|ECECEC|4638FF|020202|BBD4FF|8589FF|020202|FF93BC|7F7EA6|020202|8AAEFF|FF3F3F|8589FF|FFC2C2|020202|FF8383|020202|FFFFFF|FFFFFF|020202|8AAEFF|DEECFF|020202|3A82FF|EBE0FF|020202|8AAEFF|0256C9|020202|8AAEFF|E0E1FF|020202|8ACEFF|191919|020202|51FF38|191919|020202|51FF38|AAA7CB|020202|EEE9FF|AAA7CB|020202|EEE9FF|191919|020202|51FF38|191919|020202|51FF38|191919|020202|191919|191919|020202|191919|191919|020202|B4BFCD|191919|020202|B8B8B8|FFFFFF|020202|AAA7CB|FFFFFF|020202|AAA7CB|191919|020202|02D00A|191919|020202|02D00A|FFFFFF|020202|02D00A|FFFFFF|020202|02D00A|4638FF|020202|BCBBFF|8589FF|020202|FFFFFF|A487FF|020202|8AAEFF|FFFFFF|020202|A487FF|FFFFFF|020202|A487FF|FF3F3F|020202|FFC2C2|FF3F3F|020202|FFFFFF|FF3F3F|020202|FFFFFF|FF3F3F|020202|191919|8589FF|020202|FFFFFF|8589FF|020202|FFFFFF|AAA7CB|020202|B4BFCD|AAA7CB|020202|B4BFCD|020202|020202|020202|FFFFFF|020202|FFFFFF|020202|020202|020202|020202|020202|020202|FFFFFF|FFFFFF|0|0|0|0|0|0|0|0|0|0|0|0|0|0|0|0|0|0|0|0|0|0|0|0|0|0|0|0|0|0|0|0|0|0|0|0|0|0|0|0|0|0|0|0|0|0|0|0|0|0|0|0|0|0|0|0|0|0|0|0|0|0|0|0|0|undefined|0|0|0|0|0|0|0|0|0|0|0|0|0|0|0|0|0|0|0|0|0|0|0|0|0|0|0|0|0|0|0|0|0|0|0

--------------------------------------------------------------------------



SOMBRA KING 

Default Boy|2/22|20|Hey! I'm the default boy of Gacha Club.|Lunime|Blue|Rice|USA|Funny|Student|2|1|1|4|1|1|1|0|1|0|1|1|0|171|48|0|0|30|30|42|42|1|1|253|0|0|108|187|0|0|209|0|0|2|3|11|11|1|1|3|3|93|93|0|0|0|0|10|10|31|0|0|7|7|0|10|10|0|0|1|1|0|1|1|1|0|0|1|1|2|1|1|29|29|1|1|1|1|1|1|0|0|0|6|0|0|1|0|1|1|1|1|0|0|0|0|0|0|0|1|1|0|0|0|1|1|0|0|0|1|1|0|0|0|1|1|0|0|0|1|1|0|0|0|1|1|0|0|0|1|1|0|0|0|1|1|0|0|0|1|1|0|0|0|1|1|0|0|0|1|1|0|0|0|1|1|0|0|0|1|1|0|0|0|1|1|0|0|0|1|1|0|0|0|1|1|0|1|1|0|1|1|0|0|0|1|1|0|0|0|1|1|0|1|1|1|1|1|1|0|0|1|1|1|1|0|1|1|0|0|1|1|0|1|1|1|1|1|1|1|1|1|1|1|1|1|1|1|1|1|1|0|0|1|1|0|1|0|0|0|1|1|0|0|1|1|0|0|0|0|0|0|0|0|0|0|1|1|1|0|0|0|0|0|0|0|0|0|0|191919|020202|191919|020202|020202|8A6E5E|3A1F17|694F43|191919|020202|020202|8A6E5E|3A1F17|694F43|8A6E5E|3A1F17|694F43|B15482|FFC2C2|3A027E|020202|020202|3A027E|020202|020202|9F0000|9F0000|9F0000|9F0000|191919|020202|191919|020202|191919|020202|ECECEC|BF0000|020202|BBD4FF|01A307|020202|24014F|9F0000|020202|8AAEFF|FF8383|8589FF|FFC2C2|020202|FF8383|020202|FFFFFF|FFFFFF|020202|8AAEFF|DEECFF|020202|3A82FF|FF0000|020202|191919|0256C9|020202|8AAEFF|E0E1FF|020202|8ACEFF|191919|020202|020202|191919|020202|FF0000|FFFFFF|020202|FF0000|FFFFFF|020202|FF0000|191919|020202|020202|191919|020202|020202|191919|020202|020202|191919|020202|020202|191919|020202|B4BFCD|191919|020202|B8B8B8|FFFFFF|020202|AAA7CB|FFFFFF|020202|AAA7CB|191919|020202|FF3F3F|191919|020202|FF3F3F|FFFFFF|020202|3A82FF|FFFFFF|020202|3A82FF|FFC2C2|020202|FF0000|8589FF|020202|FFFFFF|A487FF|020202|8AAEFF|191919|020202|BF0000|191919|020202|BF0000|FF3F3F|020202|FFC2C2|FF3F3F|020202|FFFFFF|FF3F3F|020202|FFFFFF|FF3F3F|020202|191919|191919|020202|9F0000|191919|020202|9F0000|AAA7CB|020202|B4BFCD|AAA7CB|020202|B4BFCD|020202|020202|020202|FFFFFF|020202|FFFFFF|020202|020202|020202|020202|020202|020202|020202|020202

QUEEN CHISTYAL

Default Boy|2/22|20|Hey! I'm the default boy of Gacha Club.|Lunime|Blue|Rice|USA|Funny|Student|2|1|1|4|1|1|1|0|1|0|1|1|38|19|21|0|0|10|10|15|15|54|54|1|0|0|0|0|0|0|209|0|0|209|25|9|9|4|4|51|51|119|119|0|0|0|0|0|0|0|0|0|0|0|0|0|0|0|0|1|1|0|1|1|1|12|0|1|1|1|1|1|1|2|1|1|1|1|1|1|0|0|0|6|0|0|1|0|1|1|1|1|0|0|0|0|0|0|0|1|1|0|0|0|1|1|0|0|0|1|1|0|0|0|1|1|0|0|0|1|1|0|0|0|1|1|0|0|0|1|1|0|0|0|1|1|0|0|0|1|1|0|0|0|1|1|0|0|0|1|1|0|0|0|1|1|0|0|0|1|1|0|0|0|1|1|0|0|0|1|1|0|0|0|1|1|0|1|1|0|1|1|0|0|0|1|1|0|0|0|1|1|0|1|1|1|1|1|1|0|0|1|1|1|1|0|1|1|0|0|1|1|0|1|1|1|1|1|1|1|1|1|1|1|1|1|1|1|0|1|1|0|0|1|1|0|1|0|0|0|1|1|0|0|1|1|0|0|0|0|0|0|0|0|0|0|1|1|1|0|0|0|0|0|0|0|0|0|0|FFE2D4|8A624F|004322|002A15|006B37|004322|002A15|006B37|004322|002A15|006B37|8A6E5E|3A1F17|694F43|8A6E5E|3A1F17|694F43|B15482|002A15|00984F|020202|020202|00984F|020202|020202|020202|020202|020202|020202|002A15|020202|002A15|020202|191919|020202|ECECEC|4638FF|020202|BBD4FF|8589FF|020202|FF93BC|7F7EA6|020202|8AAEFF|FF8383|ECF0FF|FFC2C2|020202|FF8383|020202|FFFFFF|FFFFFF|020202|8AAEFF|DEECFF|020202|3A82FF|020202|020202|333333|0256C9|020202|8AAEFF|E0E1FF|020202|8ACEFF|191919|020202|333333|191919|020202|006B37|AAA7CB|020202|EEE9FF|AAA7CB|020202|EEE9FF|191919|020202|006B37|191919|020202|006B37|191919|020202|004322|191919|020202|004322|191919|020202|B4BFCD|191919|020202|B8B8B8|FFFFFF|020202|AAA7CB|FFFFFF|020202|AAA7CB|333333|020202|006B37|333333|020202|006B37|006B37|020202|002A15|006B37|020202|002A15|4638FF|020202|BCBBFF|8589FF|020202|FFFFFF|A487FF|020202|8AAEFF|FFFFFF|020202|A487FF|FFFFFF|020202|A487FF|FF3F3F|020202|FFC2C2|FF3F3F|020202|FFFFFF|FF3F3F|020202|FFFFFF|FF3F3F|020202|191919|8589FF|020202|FFFFFF|8589FF|020202|FFFFFF|AAA7CB|020202|B4BFCD|AAA7CB|020202|B4BFCD|020202|020202|020202|FFFFFF|020202|FFFFFF|020202|020202|020202|020202|020202|020202|FFFFFF|FFFFFF|0|0|0|0|0|0|0|0|0|0|0|0|0|0|0|0|0|0|0|0|0|0|0|0|0|0|0|0|0|0|0|0|0|0|0|0|0|0|0|0|0|0|0|0|0|0|0|0|0|0|0|0|0|0|0|0|0|0|0|0|0|0|0|0|0|undefined|0|0|0|0|0|0|0|0|0|0|0|0|0|0|0|0|0|0|0|0|0|0|0|0|0|0|0|0|0|0|0|0|0|0|0

TIREK

Default Boy|2/22|20|Hey! I'm the default boy of Gacha Club.|Lunime|Blue|Rice|USA|Funny|Student|2|1|1|4|1|1|1|0|1|0|1|1|0|188|34|0|0|29|29|1|1|1|1|1|0|0|0|0|0|0|111|0|0|194|0|55|55|31|31|3|3|73|73|0|0|0|0|0|0|0|0|0|0|0|0|0|0|0|0|1|1|0|1|1|1|12|0|1|1|1|1|1|1|2|1|1|1|1|1|1|0|0|0|6|0|0|1|0|1|1|1|1|0|0|0|0|0|0|0|1|1|0|0|0|1|1|0|0|0|1|1|0|0|0|1|1|0|0|0|1|1|0|0|0|1|1|0|0|0|1|1|0|0|0|1|1|0|0|0|1|1|0|0|0|1|1|0|0|0|1|1|0|0|0|1|1|0|0|0|1|1|0|0|0|1|1|0|0|0|1|1|0|0|0|1|1|0|1|1|0|1|1|0|0|0|1|1|0|0|0|1|1|0|1|1|1|1|1|1|0|0|1|1|1|1|0|1|1|0|0|1|1|0|1|1|1|1|1|1|1|1|1|1|1|1|1|1|1|0|1|1|0|0|1|1|0|1|0|0|0|1|1|0|0|1|1|0|0|0|0|0|0|0|0|0|0|1|1|1|0|0|0|0|0|0|0|0|0|0|FFE2D4|8A624F|ECECEC|ECECEC|D4D4D4|ECECEC|ECECEC|D4D4D4|ECECEC|ECECEC|D4D4D4|ECECEC|ECECEC|D4D4D4|ECECEC|ECECEC|D4D4D4|B15482|FFC2C2|020202|020202|020202|020202|020202|020202|FFFC02|FFFC02|FFFC02|FFFC02|8A624F|020202|8A624F|020202|191919|020202|ECECEC|4638FF|020202|BBD4FF|8589FF|020202|FF93BC|7F7EA6|020202|8AAEFF|FF8383|8589FF|FFC2C2|020202|FF8383|020202|FFFFFF|FFFFFF|020202|8AAEFF|DEECFF|020202|3A82FF|191919|020202|333333|0256C9|020202|8AAEFF|E0E1FF|020202|8ACEFF|191919|020202|585858|191919|020202|4638FF|AAA7CB|020202|EEE9FF|AAA7CB|020202|EEE9FF|191919|020202|8589FF|191919|020202|8589FF|191919|020202|333333|191919|020202|333333|191919|020202|B4BFCD|191919|020202|B8B8B8|FFFFFF|020202|AAA7CB|FFFFFF|020202|AAA7CB|191919|020202|FFFFFF|191919|020202|FFFFFF|FFFFFF|020202|3A82FF|FFFFFF|020202|3A82FF|4638FF|020202|BCBBFF|8589FF|020202|FFFFFF|A487FF|020202|8AAEFF|FFFFFF|020202|A487FF|FFFFFF|020202|A487FF|FF3F3F|020202|FFC2C2|FF3F3F|020202|FFFFFF|FF3F3F|020202|FFFFFF|FF3F3F|020202|191919|8589FF|020202|FFFFFF|8589FF|020202|FFFFFF|AAA7CB|020202|B4BFCD|AAA7CB|020202|B4BFCD|020202|020202|020202|FFFFFF|020202|FFFFFF|020202|020202|020202|020202|020202|020202|020202|020202|0|0|0|0|0|0|0|0|0|0|0|0|0|0|0|0|0|0|0|0|0|0|0|0|0|0|0|0|0|0|0|0|0|0|0|0|0|0|0|0|0|0|0|0|0|0|0|0|0|0|0|0|0|0|0|0|0|0|0|0|0|0|0|0|0|undefined|0|0|0|0|0|0|0|0|0|0|0|0|0|0|0|0|0|0|0|0|0|0|0|0|0|0|0|0|0|0|0|0|0|0|0

COZYGLOW

Default Boy|2/22|20|Hey! I'm the default boy of Gacha Club.|Lunime|Blue|Rice|USA|Funny|Student|2|1|1|4|1|1|1|0|1|1|1|1|37|27|5|0|0|10|10|17|17|1|1|1|0|0|0|0|0|0|0|0|0|100|0|27|27|0|0|58|17|130|130|0|45|0|0|0|0|0|0|0|0|0|0|0|0|0|0|1|1|0|1|1|1|0|0|1|1|1|1|1|1|2|1|1|1|1|1|1|0|0|0|6|0|0|1|0|1|1|1|1|0|0|0|0|0|0|0|1|1|0|0|0|1|1|0|0|0|1|1|0|0|0|1|1|0|0|0|1|1|0|0|0|1|1|0|0|0|1|1|0|0|0|1|1|0|0|0|1|1|0|0|0|1|1|0|0|0|1|1|0|0|0|1|1|0|0|0|1|1|0|0|0|1|1|0|0|0|1|1|0|0|0|1|1|0|1|1|0|1|1|0|0|0|1|1|0|0|0|1|1|0|1|1|1|1|1|1|0|0|1|1|1|1|0|1|1|0|0|1|1|0|1|1|1|1|1|1|1|1|1|1|1|1|1|1|1|0|1|1|0|0|1|1|0|1|0|0|0|1|1|0|0|1|1|0|0|0|0|0|0|0|0|0|0|1|1|1|0|0|0|0|0|0|0|0|0|0|FFE2D4|8A624F|8993CB|57598C|8ACEFF|8993CB|57598C|8ACEFF|8993CB|57598C|8ACEFF|8993CB|57598C|8ACEFF|8993CB|57598C|8ACEFF|B15482|FFC2C2|FF48DF|020202|020202|FF48DF|020202|020202|020202|020202|020202|020202|8AAEFF|020202|8AAEFF|020202|191919|020202|ECECEC|4638FF|020202|BBD4FF|8589FF|020202|FF93BC|7F7EA6|020202|8AAEFF|FF8383|8589FF|FFC2C2|020202|FF8383|020202|FFFFFF|FFFFFF|020202|8AAEFF|DEECFF|020202|3A82FF|EBE0FF|020202|8AAEFF|0256C9|020202|8AAEFF|E0E1FF|020202|8ACEFF|BDE3FF|020202|BBD4FF|8993CB|020202|4638FF|AAA7CB|020202|EEE9FF|AAA7CB|020202|EEE9FF|BDE3FF|020202|6B89AA|BDE3FF|020202|6B89AA|3D3E62|020202|3D3E62|3D3E62|020202|3D3E62|191919|020202|B4BFCD|57598C|020202|B8B8B8|FFFFFF|020202|AAA7CB|FFFFFF|020202|AAA7CB|FF93BC|020202|FF93EC|FF93BC|020202|FF93EC|82A1CB|57678C|252C3C|855944|513121|664430|4638FF|020202|BCBBFF|8589FF|020202|FFFFFF|A487FF|020202|8AAEFF|FFFFFF|020202|A487FF|FFFFFF|020202|A487FF|FF3F3F|020202|FFC2C2|FF3F3F|020202|FFFFFF|FF3F3F|020202|FFFFFF|FF3F3F|020202|191919|8589FF|020202|FFFFFF|8589FF|020202|FFFFFF|AAA7CB|020202|B4BFCD|AAA7CB|020202|B4BFCD|020202|020202|020202|FFFFFF|020202|FFFFFF|020202|020202|020202|020202|020202|020202|FFFFFF|FFFFFF|0|0|0|0|0|0|0|0|0|0|0|0|0|0|0|0|0|0|0|0|0|0|0|0|0|0|0|0|0|0|0|0|0|0|0|0|0|0|0|0|0|0|0|0|0|0|0|0|0|0|0|0|0|0|0|0|0|0|0|0|0|0|0|0|0|undefined|0|0|0|0|0|0|0|0|0|0|0|0|0|0|0|0|0|0|0|0|0|0|0|0|0|0|0|0|0|0|0|0|0|0|0

EVILGOD SCARLOT

Default Boy|2/22|20|Hey! I'm the default boy of Gacha Club.|Lunime|Blue|Rice|USA|Funny|Student|2|1|1|4|1|1|1|0|1|0|1|1|0|128|48|0|0|27|27|42|42|1|1|253|0|0|108|187|12|0|393|0|0|2|3|11|11|34|34|3|3|93|93|0|0|0|0|10|10|0|0|0|10|10|0|10|10|0|0|1|1|0|1|1|1|0|0|1|1|2|1|1|29|29|1|1|1|1|1|1|0|0|0|6|0|0|1|0|1|1|1|1|0|0|0|0|0|0|0|1|1|0|0|0|1|1|0|0|0|1|1|0|0|0|1|1|0|0|0|1|1|0|0|0|1|1|0|0|0|1|1|0|0|0|1|1|0|20|2|8|6|24|0|0|1|1|0|0|0|1|1|0|-10|14|6|8|0|0|0|1|1|0|0|0|1|1|0|0|0|1|1|0|0|0|1|1|0|1|1|0|1|1|0|0|0|1|1|0|0|0|1|1|0|1|1|1|1|1|1|0|0|1|1|1|1|0|1|1|0|0|1|1|0|1|1|1|1|1|1|1|1|1|1|1|1|1|1|1|1|1|1|0|0|1|1|0|1|0|0|0|1|1|0|0|1|1|0|0|0|0|0|0|0|0|0|0|1|1|1|0|0|0|0|0|0|0|0|0|0|191919|020202|191919|020202|020202|8A6E5E|3A1F17|694F43|191919|020202|020202|8A6E5E|3A1F17|694F43|8A6E5E|3A1F17|694F43|B15482|FFC2C2|3A027E|020202|020202|3A027E|020202|020202|9F0000|9F0000|9F0000|9F0000|191919|020202|191919|020202|191919|020202|ECECEC|BF0000|020202|BBD4FF|310000|020202|020202|9F0000|020202|8AAEFF|FF8383|8589FF|FFC2C2|020202|FF8383|020202|FFFFFF|191919|020202|310000|DEECFF|020202|3A82FF|333333|020202|191919|0256C9|020202|8AAEFF|E0E1FF|020202|8ACEFF|191919|020202|020202|191919|020202|310000|020202|020202|310000|020202|020202|310000|191919|020202|020202|191919|020202|020202|191919|020202|020202|191919|020202|020202|191919|020202|B4BFCD|191919|020202|B8B8B8|FFFFFF|020202|AAA7CB|FFFFFF|020202|AAA7CB|191919|020202|FF3F3F|191919|020202|FF3F3F|FFFFFF|020202|3A82FF|FFFFFF|020202|3A82FF|FFC2C2|020202|FF0000|8589FF|020202|FFFFFF|A487FF|020202|8AAEFF|191919|020202|310000|191919|020202|310000|FF3F3F|020202|FFC2C2|FF3F3F|020202|FFFFFF|FF3F3F|020202|FFFFFF|FF3F3F|020202|191919|191919|020202|310000|191919|020202|310000|AAA7CB|020202|B4BFCD|AAA7CB|020202|B4BFCD|020202|020202|020202|FFFFFF|020202|FFFFFF|020202|020202|020202|020202|020202|020202|020202|020202


SCARLOT SON

Default Boy|2/22|20|Hey! I'm the default boy of Gacha Nebula.|Team Nebula|Blue|Rice|USA|Funny|Student|2|1|1|2|5|6|1|0|2|0|1|1|253|129|0|0|47|14|14|17|17|129|129|253|0|0|0|0|0|0|0|0|0|132|2|19|19|4|4|51|51|93|93|0|0|0|0|10|10|0|0|0|0|0|0|0|0|0|0|1|1|0|1|1|28|11|0|33|34|1|-3|1|28|29|1|1|1|1|1|1|0|0|0|0|0|1|1|0|1|1|1|1|0|0|0|0|0|0|0|2|35|0|0|0|2|35|0|0|0|1|1|0|0|0|1|1|0|0|11|5|34|15|0|11|5|34|-15|0|0|1|1|0|-2|-1|1|38|0|0|0|1|1|0|0|0|1|1|0|0|0|1|1|0|0|0|1|1|0|0|0|1|1|0|0|0|1|1|0|0|-3|1|1|0|0|0|1|1|0|0|0|1|1|0|1|1|0|1|1|0|0|0|1|1|0|1|1|0|-18|1|1|-6|-6|1|1|0|0|0|1|1|0|0|1|1|0|1|1|1|1|1|1|1|1|1|1|1|1|1|1|1|0|1|571|0|0|1|1|0|1|0|0|0|1|1|0|0|1|1|0|0|0|0|0|0|0|0|0|0|1|1|1|0|0|0|0|0|0|0|0|0|0|333333|020202|333333|191919|7B0000|333333|191919|7B0000|004322|052700|00984F|004322|052700|00984F|191919|191919|7B0000|B15482|A88B79|191919|27170F|7B0000|191919|27170F|7B0000|FF0000|27170F|FF0000|27170F|191919|020202|191919|020202|191919|020202|ECECEC|D9A687|020202|BBD4FF|8589FF|020202|FF93BC|7F7EA6|020202|8AAEFF|FF8383|8589FF|191919|020202|191919|310000|7B0000|FFFFFF|020202|8AAEFF|DEECFF|020202|3A82FF|EBE0FF|020202|8AAEFF|0256C9|020202|8AAEFF|E0E1FF|020202|8ACEFF|020202|020202|BF0000|020202|020202|7B0000|AAA7CB|020202|EEE9FF|AAA7CB|020202|EEE9FF|020202|020202|9F0000|020202|020202|9F0000|020202|020202|9F0000|020202|020202|9F0000|191919|020202|B4BFCD|191919|020202|B8B8B8|FFFFFF|020202|AAA7CB|FFFFFF|020202|AAA7CB|7B0000|020202|191919|7B0000|020202|191919|310000|020202|7B0000|310000|020202|7B0000|4638FF|020202|BCBBFF|FFFFFF|508002|D4D4D4|A487FF|020202|8AAEFF|FFFFFF|020202|A487FF|FFFFFF|020202|A487FF|FF3F3F|020202|FFC2C2|FF3F3F|020202|FFFFFF|FF3F3F|020202|FFFFFF|FF3F3F|020202|191919|191919|020202|7B0000|191919|020202|7B0000|AAA7CB|020202|B4BFCD|AAA7CB|020202|B4BFCD|020202|BE2843|020202|FFFFFF|020202|FFFFFF|020202|020202|AFBED9|00132C|020202|020202|191919|191919|6|0|33|33|0|0|0|1|1|0|0|0|1|1|0|0|0|1|1|0|0|0|1|1|0|0|0|1|1|0|1|0|0|1|1|0|0|39|26|0|0|0|1|1|0|0|1|1|0|1|0|0|1|1|0|0|0|1|1|0|0|0|1|1|0|020202|1|0|0|1|1|0|0|0|1|1|0|0|-1|39|36|5|0|0|1|1|0|0|0|0|1|1|0|0|0|1|1|0|1|1|1|1|0|0|004322|052700|00984F|FFFFFF|004322|052700|00984F|FFFFFF|0|0|1|1|0|0|0|1|1|0|2|0|0|0|1|1|0|004322|052700|00984F|0|0|0|1|1|0|004322|052700|00984F|0|0|1|1|0|0|0|1|1|0|0|0|333333|020202|FFFFFF|333333|020202|FFFFFF|0|0|1|1|0|0|0|1|1|0|0|0|FFFFFF|FFFFFF|0|11|31|31|0|1|11|28|31|0|FFFFFF|He/Him|FFFFFF|FFFFFF|FFFFFF|FFFFFF|FFFFFF|FFFFFF|0|0|0|0|0|0|1|1|0|FFFFFF|2A000D|FFFFFF|0|0|0|1|1|0|FFFFFF|FFFFFF|FFFFFF|0|0|0|1|1|0|004322|052700|00984F|Male||0|0|1|1|0|0|-5|40|37|0|1|-1|1|1|0|0|0|1|1|0|0|0|1|1|0|0|0|1|1|0|0|0|0|1|1|0|FFFFFF|FFFFFF|FFFFFF|0|0|0|1|1|0|FFFFFF|FFFFFF|FFFFFF|0|0|0|1|1|0|FFFFFF|FFFFFF|FFFFFF|0|0|0|1|1|0|FFFFFF|FFFFFF|FFFFFF|FFFFFF|FFFFFF

-------------------------------------------------------------------------------

jesus god

Default Boy|2/22|20|Hey! I'm the default boy of Gacha Club.|Lunime|Blue|Rice|USA|Funny|Student|2|1|1|4|1|1|88|0|1|0|1|1|171|129|15|0|47|14|14|17|17|129|129|3|0|50|0|0|0|0|0|0|0|130|0|11|11|0|0|0|0|0|0|38|0|0|0|0|0|0|0|0|0|0|0|0|0|0|0|1|1|0|1|1|1|11|0|1|1|22|1|1|23|39|1|1|1|284|1|1|0|0|0|6|0|0|1|0|1|1|1|1|0|0|0|0|0|0|0|1|1|0|0|0|1|1|0|-4|0|1|1|0|-2|0|1|1|0|0|11|1|34|0|0|11|7|34|0|3|2|1|1|0|0|0|1|1|0|0|0|1|1|0|0|0|1|1|0|0|0|1|1|0|0|0|1|1|0|0|0|1|1|0|0|0|1|1|0|0|0|1|1|0|0|0|1|1|0|1|1|0|1|1|0|0|0|1|1|0|0|0|1|1|0|1|1|1|1|1|1|0|0|1|1|1|1|0|1|1|0|0|1|1|0|1|1|1|1|1|1|1|1|1|1|1|1|1|1|1|0|1|1|0|0|1|1|0|1|0|0|0|1|1|0|0|1|1|0|0|0|0|0|0|0|0|0|0|1|1|1|0|0|0|0|0|0|0|0|0|0|FFE2D4|8A624F|8A6E5E|27170F|694F43|8A6E5E|27170F|694F43|8A6E5E|27170F|694F43|8A6E5E|27170F|694F43|8A6E5E|27170F|694F43|B15482|513D34|020202|020202|020202|020202|020202|020202|3A82FF|036AF7|3A82FF|036AF7|694F43|332621|694F43|332621|191919|020202|ECECEC|8A6E5E|020202|694F43|3FC4FF|020202|3A82FF|7F7EA6|020202|8AAEFF|FF8383|8589FF|FFC2C2|020202|FF8383|020202|FFFFFF|FFFFFF|020202|ECECEC|DEECFF|020202|3A82FF|EBE0FF|020202|8AAEFF|0256C9|020202|8AAEFF|E0E1FF|020202|8ACEFF|FFFFFF|191919|ECECEC|191919|020202|FF9441|AAA7CB|020202|EEE9FF|AAA7CB|020202|EEE9FF|FFFFFF|020202|ECECEC|FFFFFF|020202|ECECEC|333333|020202|020202|333333|020202|020202|FFFFFF|020202|ECECEC|AD3A03|020202|B8B8B8|191919|020202|FF9441|191919|020202|FF9441|191919|020202|FF9441|191919|020202|FF9441|FFFFFF|020202|3A82FF|FFFFFF|020202|3A82FF|4638FF|020202|BCBBFF|191919|020202|FF760B|333333|020202|01449F|FFFFFF|020202|A487FF|FFFFFF|020202|A487FF|FF3F3F|020202|FFC2C2|191919|020202|D94A05|191919|020202|D94A05|FF3F3F|020202|191919|8589FF|020202|FFFFFF|8589FF|020202|FFFFFF|AAA7CB|020202|B4BFCD|AAA7CB|020202|B4BFCD|020202|020202|020202|FFFFFF|020202|FFFFFF|020202|020202|020202|020202|020202|020202|FFFFFF|FFFFFF|0|0|0|0|0|0|0|0|0|0|0|19|6|10|0|0|0|0|0|0|0|0|0|0|0|0|0|0|0|0|0|0|0|0|0|0|0|0|0|0|0|0|0|0|0|0|0|0|0|0|0|0|0|0|0|0|0|0|0|0|0|0|0|0|0|undefined|0|0|0|0|0|0|0|0|0|0|0|0|0|0|0|0|0|0|0|0|0|0|0|0|0|0|0|0|0|0|0|0|1|0|0|0|0|0|8A6E5E|27170F|694F43|undefined|8A6E5E|27170F|694F43|undefined|0|0|0|0|0|0|0|0|0|0|0|0|0|0|0|0|0|8A6E5E|27170F|694F43|0|0|0|0|0|0|8A6E5E|27170F|694F43|0|0|0|0|0|0|0|0|0|0|0|0|undefined|undefined|undefined|undefined|undefined|undefined|0|0|0|0|0|0|0|0|0|0|0|0|undefined|undefined|0|0|0|0|0|0|0|0|0|0|undefined|undefined|undefined|undefined|undefined|undefined|undefined|undefined|0|0|0|0|0|0|0|0|0|undefined|undefined|undefined|0|0|0|0|0|0|undefined|undefined|undefined|0|0|0|0|0|0|8A6E5E|27170F|694F43|undefined|undefined|0|0|0|0|0|0|0|0|0|0|0|0|0|0|0|0|0|0|0|0|0|0|0|0|0|0|0|0|0|0|0|0|0|0|0|0|undefined|undefined|undefined|0|0|0|0|0|0|undefined|undefined|undefined|0|0|0|0|0|0|undefined|undefined|undefined|0|0|0|0|0|0|undefined|undefined|undefined|undefined|undefined|0|0|0|0|0